    -14.000      8.845      8.117      8.349      6.434      0.728      1.915    -29.710    -29.770      8.845      8.117      8.349      6.434
    -16.000      7.121      6.740      6.880      6.147      0.381      0.733    -31.710    -31.770      7.121      6.740      6.880      6.147
    -18.000      5.002      4.865      5.355      5.290      0.137      0.065    -33.710    -33.770      5.002      4.865      5.355      5.290
    -20.000      3.135      3.035      3.499      3.472      0.100      0.027    -35.710    -35.770      3.135      3.035      3.499      3.472
    -22.000      1.206      1.132      1.573      1.573      0.074      0.000    -37.710    -37.770      1.206      1.132      1.573      1.573
    -24.000     -0.694     -0.748     -0.322     -0.304      0.054     -0.018    -39.710    -39.770     -0.694     -0.748     -0.322     -0.304
    -26.000     -2.683     -2.720     -2.309     -2.275      0.037     -0.034    -41.710    -41.770     -2.683     -2.720     -2.309     -2.275
    -28.000     -4.685     -4.711     -4.311     -4.264      0.026     -0.047    -43.710    -43.770     -4.685     -4.711     -4.311     -4.264
    -30.000     -6.653     -6.670     -6.281     -6.224      0.017     -0.057    -45.710    -45.770     -6.653     -6.670     -6.281     -6.224
    -32.000     -8.673     -8.681     -8.297     -8.233      0.008     -0.064    -47.710    -47.770     -8.673     -8.681     -8.297     -8.233
    -34.000    -10.645    -10.649    -10.272    -10.203      0.004     -0.069    -49.710    -49.770    -10.645    -10.649    -10.272    -10.203
    -36.000    -12.671    -12.671    -12.293    -12.218      0.000     -0.075    -51.710    -51.770    -12.671    -12.671    -12.293    -12.218
    -38.000    -14.635    -14.623    -14.262    -14.180     -0.012     -0.082    -53.710    -53.770    -14.635    -14.623    -14.262    -14.180
    -40.000    -16.649    -16.642    -16.280    -16.196     -0.007     -0.084    -55.710    -55.770    -16.649    -16.642    -16.280    -16.196
    -42.000    -18.677    -18.664    -18.301    -18.223     -0.013     -0.078    -57.710    -57.770    -18.677    -18.664    -18.301    -18.223
    -44.000    -20.650    -20.644    -20.279    -20.196     -0.006     -0.083    -59.710    -59.770    -20.650    -20.644    -20.279    -20.196
    -46.000    -22.648    -22.642    -22.281    -22.197     -0.006     -0.084    -61.710    -61.770    -22.648    -22.642    -22.281    -22.197
    -48.000    -24.625    -24.607    -24.257    -24.161     -0.018     -0.096    -63.710    -63.770    -24.625    -24.607    -24.257    -24.161
    -50.000    -26.640    -26.631    -26.270    -26.186     -0.009     -0.084    -65.710    -65.770    -26.640    -26.631    -26.270    -26.186
    -52.000    -28.660    -28.651    -28.291    -28.206     -0.009     -0.085    -67.710    -67.770    -28.660    -28.651    -28.291    -28.206
    -54.000    -30.673    -30.665    -30.302    -30.216     -0.008     -0.086    -69.710    -69.770    -30.673    -30.665    -30.302    -30.216
    -56.000    -32.692    -32.683    -32.322    -32.232     -0.009     -0.090    -71.710    -71.770    -32.692    -32.683    -32.322    -32.232
    -58.000    -34.648    -34.639    -34.275    -34.188     -0.009     -0.087    -73.710    -73.770    -34.648    -34.639    -34.275    -34.188
    -60.000    -36.669    -36.659    -36.301    -36.207     -0.010     -0.094    -75.710    -75.770    -36.670    -36.660    -36.302    -36.208
    -62.000    -38.690    -38.680    -38.317    -38.227     -0.010     -0.090    -77.710    -77.770    -38.691    -38.681    -38.318    -38.228
    -64.000    -40.644    -40.630    -40.263    -40.172     -0.014     -0.091    -79.710    -79.770    -40.645    -40.631    -40.264    -40.173
    -66.000    -42.667    -42.649    -42.285    -42.189     -0.018     -0.096    -81.710    -81.770    -42.669    -42.651    -42.287    -42.191
    -68.000    -44.624    -44.611    -44.242    -44.150     -0.013     -0.092    -83.710    -83.770    -44.628    -44.615    -44.246    -44.154
    -70.000    -46.637    -46.629    -46.256    -46.169     -0.008     -0.087    -85.710    -85.770    -46.643    -46.635    -46.262    -46.175
    -72.000    -48.643    -48.639    -48.265    -48.185     -0.004     -0.080    -87.710    -87.770    -48.652    -48.648    -48.274    -48.194
    -74.000    -50.609    -50.607    -50.231    -50.157     -0.002     -0.074    -89.710    -89.770    -50.623    -50.621    -50.246    -50.172
    -76.000    -52.608    -52.612    -52.231    -52.163      0.004     -0.068    -91.710    -91.770    -52.631    -52.634    -52.254    -52.186
    -78.000    -54.545    -54.554    -54.165    -54.107      0.009     -0.058    -93.710    -93.770    -54.580    -54.589    -54.201    -54.143
    -80.000    -56.541    -56.553    -56.162    -56.108      0.012     -0.054    -95.710    -95.770    -56.597    -56.609    -56.219    -56.166
    -82.000    -58.478    -58.494    -58.101    -58.047      0.016     -0.054    -97.710    -97.770    -58.566    -58.582    -58.191    -58.138
    -84.000    -60.448    -60.471    -60.070    -60.019      0.023     -0.051    -99.710    -99.770    -60.587    -60.610    -60.212    -60.163
    -86.000    -62.370    -62.398    -61.994    -61.939      0.028     -0.055   -101.710   -101.770    -62.588    -62.617    -62.218    -62.165
    -88.000    -64.239    -64.271    -63.863    -63.805      0.032     -0.058   -103.710   -103.770    -64.580    -64.613    -64.212    -64.158
    -90.000    -66.077    -66.103    -65.691    -65.639      0.026     -0.052   -105.710   -105.770    -66.609    -66.636    -66.234    -66.189
    -92.000    -67.769    -67.791    -67.385    -67.331      0.022     -0.054   -107.710   -107.770    -68.579    -68.602    -68.213    -68.170
    -94.000    -69.382    -69.411    -68.989    -68.918      0.029     -0.071   -109.710   -109.770    -70.612    -70.644    -70.245    -70.186
    -96.000    -70.754    -70.798    -70.368    -70.281      0.044     -0.087   -111.710   -111.770    -72.547    -72.604    -72.206    -72.129
    -98.000    -71.986    -72.015    -71.578    -71.511      0.029     -0.067   -113.710   -113.770    -74.575    -74.614    -74.221    -74.187
   -100.000    -72.991    -73.019    -72.565    -72.469      0.028     -0.096   -115.710   -115.770    -76.617    -76.658    -76.252    -76.170
   -102.000    -73.730    -73.760    -73.288    -73.194      0.030     -0.094   -117.710   -117.770    -78.559    -78.614    -78.180    -78.112
   -104.000    -74.295    -74.320    -73.865    -73.750      0.025     -0.115   -119.710   -119.770    -80.571    -80.621    -80.282    -80.139
   -106.000    -74.683    -74.723    -74.253    -74.134      0.040     -0.119   -121.710   -121.770    -82.527    -82.683    -82.321    -82.135
   -108.000    -74.952    -74.986    -74.510    -74.402      0.034     -0.108   -123.710   -123.770    -84.504    -84.672    -84.315    -84.195
   -110.000    -75.141    -75.150    -74.676    -74.587      0.009     -0.089   -125.710   -125.770    -86.609    -86.508    -86.243    -86.397
   -112.000    -75.246    -75.279    -74.777    -74.682      0.033     -0.095   -127.710   -127.770    -88.380    -88.727    -87.981    -88.124
   -114.000    -75.337    -75.365    -74.854    -74.756      0.028     -0.098   -129.710   -129.770    -90.796    -91.197    -89.971    -90.154
   -116.000    -75.380    -75.382    -74.900    -74.799      0.002     -0.101   -131.710   -131.770    -92.642    -91.901    -91.790    -91.967
   -118.000    -75.414    -75.421    -74.948    -74.842      0.007     -0.106   -133.710   -133.770    -94.972    -94.127    -95.135    -95.095
   -120.000    -75.448    -75.456    -74.955    -74.854      0.008     -0.101   -135.710   -135.770   -100.263    -98.063    -95.935    -96.598
   -122.000    -75.454    -75.467    -74.975    -74.882      0.013     -0.093   -137.710   -137.770   -102.617   -100.747    -99.659   -110.592
   -124.000    -75.456    -75.480    -74.983    -74.884      0.024     -0.099   -139.710   -139.770   -103.807   -100.747   -103.042   -110.592
   -126.000    -75.454    -75.476    -74.989    -74.878      0.022     -0.111   -141.710   -141.770   -102.617   -100.747   -112.363   -110.592
   -128.000    -75.457    -75.475    -74.995    -74.889      0.018     -0.106   -143.710   -143.770   -104.551   -100.747   -112.363   -110.592
   -130.000    -75.459    -75.491    -75.008    -74.888      0.032     -0.120   -145.710   -145.770   -106.584   -100.747   -112.363   -110.592
   -132.000    -75.467    -75.482    -74.987    -74.885      0.015     -0.102   -147.710   -147.770   -106.584   -100.747   -112.363   -110.592
   -134.000    -75.466    -75.486    -74.998    -74.875      0.020     -0.123   -149.710   -149.770   -106.584   -100.747   -112.363   -110.592
   -136.000    -75.471    -75.498    -74.997    -74.902      0.027     -0.095   -151.710   -151.770   -106.584   -100.747   -112.363   -110.592
   -138.000    -75.478    -75.488    -74.998    -74.894      0.010     -0.104   -153.710   -153.770   -106.584   -100.747   -112.363   -110.592
   -140.000    -75.476    -75.480    -75.003    -74.884      0.004     -0.119   -155.710   -155.770   -106.584   -100.747   -112.363   -110.592
