# count year month day hour min sec unix_time unix_day ZdrmInIceMean ZdrmInIcePerc17.50 ZdrmInIcePerc20.00 ZdrmInIcePerc22.50 ZdrmInIcePerc25.00 ZdrmInIcePerc27.50 ZdrmInIcePerc30.00 ZdrInIceMean ZdrInIcePerc17.50 ZdrInIcePerc20.00 ZdrInIcePerc22.50 ZdrInIcePerc25.00 ZdrInIcePerc27.50 ZdrInIcePerc30.00 TempSite 
#============================================
#  Table produced by SpdbXml2Table
#  url: /home/rsfdata/projDir/data/dynamo/spdb/qcv2/zdr_bias
#  start_time: 2011/10/01 00:00:00
#  end_time: 2012/01/17 00:00:00
#  ----------- Table column list ------------
#    col 000: count
#    col 001: year
#    col 002: month
#    col 003: day
#    col 004: hour
#    col 005: min
#    col 006: sec
#    col 007: unix_time
#    col 008: unix_day
#    col 009: ZdrmInIceMean
#    col 010: ZdrmInIcePerc17.50
#    col 011: ZdrmInIcePerc20.00
#    col 012: ZdrmInIcePerc22.50
#    col 013: ZdrmInIcePerc25.00
#    col 014: ZdrmInIcePerc27.50
#    col 015: ZdrmInIcePerc30.00
#    col 016: ZdrInIceMean
#    col 017: ZdrInIcePerc17.50
#    col 018: ZdrInIcePerc20.00
#    col 019: ZdrInIcePerc22.50
#    col 020: ZdrInIcePerc25.00
#    col 021: ZdrInIcePerc27.50
#    col 022: ZdrInIcePerc30.00
#    col 023: TempSite
#  ------------------------------------------
#============================================
       0 2011 10 01 19 15 32 1317496532 15248.802454 0.530893 0.375355 0.389097 0.400097 0.411 0.42271 0.433871 0.245893 0.0903548 0.104097 0.115097 0.126 0.13771 0.148871 28
       1 2011 10 01 19 30 32 1317497432 15248.812870 0.53373 0.376516 0.39429 0.408484 0.420452 0.429226 0.441516 0.24873 0.0915161 0.10929 0.123484 0.135452 0.144226 0.156516 29
       2 2011 10 01 19 45 32 1317498332 15248.823287 0.525572 0.373512 0.382628 0.394791 0.408814 0.418581 0.430907 0.240572 0.0885116 0.0976279 0.109791 0.123814 0.133581 0.145907 29
       3 2011 10 01 20 00 32 1317499232 15248.833704 0.50466 0.365718 0.380641 0.391718 0.402 0.413282 0.42259 0.21966 0.080718 0.095641 0.106718 0.117 0.128282 0.13759 29
       4 2011 10 01 20 05 39 1317499539 15248.837257 0.483106 0.342565 0.351783 0.363435 0.37287 0.382348 0.390826 0.198106 0.0575652 0.0667826 0.0784348 0.0878696 0.0973478 0.105826 29
       5 2011 10 01 20 15 31 1317500131 15248.844109 0.520691 0.37071 0.381806 0.391871 0.401677 0.412806 0.423226 0.235691 0.0857097 0.0968065 0.106871 0.116677 0.127806 0.138226 29
       6 2011 10 01 20 20 39 1317500439 15248.847674 0.499783 0.341897 0.356641 0.365795 0.377538 0.387256 0.39818 0.214783 0.0568974 0.071641 0.0807949 0.0925385 0.102256 0.113179 29
       7 2011 10 01 20 30 32 1317501032 15248.854537 0.503832 0.3546 0.365829 0.377771 0.390543 0.4038 0.413886 0.218832 0.0696 0.0808286 0.0927714 0.105543 0.1188 0.128886 29
       8 2011 10 01 20 35 39 1317501339 15248.858090 0.41525 0.303081 0.312892 0.319946 0.32673 0.332595 0.339432 0.13025 0.0180811 0.0278919 0.0349459 0.0417297 0.0475946 0.0544324 29
       9 2011 10 01 20 45 31 1317501931 15248.864942 0.494235 0.340742 0.354258 0.366032 0.376161 0.386581 0.39629 0.209235 0.0557419 0.0692581 0.0810323 0.0911613 0.101581 0.11129 29
      10 2011 10 01 20 50 39 1317502239 15248.868507 0.488664 0.358783 0.37113 0.381174 0.389174 0.399043 0.406913 0.203664 0.0737826 0.0861304 0.0961739 0.104174 0.114043 0.121913 29
      11 2011 10 01 21 00 32 1317502832 15248.875370 0.478036 0.32612 0.33976 0.35288 0.36476 0.37688 0.38588 0.193036 0.04112 0.05476 0.06788 0.07976 0.09188 0.10088 29
      12 2011 10 01 22 15 32 1317507332 15248.927454 0.484961 0.343 0.353857 0.369476 0.379905 0.388857 0.398952 0.199961 0.058 0.0688571 0.0844762 0.0949048 0.103857 0.113952 29
      13 2011 10 01 22 30 32 1317508232 15248.937870 0.492162 0.349741 0.360074 0.372148 0.386074 0.394926 0.402556 0.207162 0.0647407 0.0750741 0.0871482 0.101074 0.109926 0.117556 29
      14 2011 10 01 22 35 39 1317508539 15248.941424 0.491711 0.382815 0.393185 0.401481 0.410482 0.418037 0.423815 0.206711 0.0978148 0.108185 0.116481 0.125481 0.133037 0.138815 29
      15 2011 10 01 22 45 32 1317509132 15248.948287 0.484652 0.352 0.3624 0.37088 0.38016 0.38772 0.39748 0.199652 0.067 0.0774 0.08588 0.09516 0.10272 0.11248 29
      16 2011 10 01 22 50 39 1317509439 15248.951840 0.449546 0.34688 0.35548 0.36424 0.37604 0.38372 0.38992 0.164546 0.06188 0.07048 0.07924 0.09104 0.09872 0.10492 29
      17 2011 10 01 23 00 32 1317510032 15248.958704 0.493598 0.34613 0.362696 0.373739 0.381304 0.392174 0.405043 0.208598 0.0611304 0.0776957 0.0887391 0.0963044 0.107174 0.120043 29
      18 2011 10 01 23 15 31 1317510931 15248.969109 0.489577 0.356514 0.367784 0.379919 0.390784 0.398973 0.406243 0.204577 0.0715135 0.0827838 0.0949189 0.105784 0.113973 0.121243 29
      19 2011 10 01 23 20 39 1317511239 15248.972674 0.442517 0.34236 0.3506 0.35704 0.3644 0.37236 0.37772 0.157517 0.05736 0.0656 0.07204 0.0794 0.08736 0.09272 29
      20 2011 10 01 23 30 32 1317511832 15248.979537 0.489088 0.344547 0.35734 0.369434 0.38017 0.391434 0.39817 0.204088 0.0595472 0.0723396 0.084434 0.0951698 0.106434 0.11317 29
      21 2011 10 01 23 35 39 1317512139 15248.983090 0.442833 0.340576 0.346485 0.353424 0.358758 0.366091 0.372485 0.157833 0.0555758 0.0614849 0.0684242 0.0737576 0.0810909 0.0874849 29
      22 2011 10 01 23 45 32 1317512732 15248.989954 0.502428 0.344286 0.357306 0.368612 0.381245 0.394367 0.40651 0.217428 0.0592857 0.0723061 0.0836122 0.0962449 0.109367 0.12151 29
      23 2011 10 02 00 00 32 1317513632 15249.000370 0.479791 0.339467 0.353178 0.366644 0.377711 0.388578 0.399178 0.194791 0.0544667 0.0681778 0.0816444 0.0927111 0.103578 0.114178 29
      24 2011 10 02 00 15 31 1317514531 15249.010775 0.471374 0.326615 0.339308 0.352231 0.364513 0.376487 0.387256 0.186374 0.0416154 0.0543077 0.0672308 0.0795128 0.0914872 0.102256 29
      25 2011 10 02 00 30 32 1317515432 15249.021204 0.502341 0.35184 0.36456 0.37768 0.39072 0.4036 0.41728 0.217341 0.06684 0.07956 0.09268 0.10572 0.1186 0.13228 29
      26 2011 10 02 15 15 32 1317568532 15249.635787 0.527781 0.366696 0.381957 0.395304 0.404783 0.415957 0.42887 0.242781 0.0816957 0.0969565 0.110304 0.119783 0.130957 0.14387 29
      27 2011 10 02 15 30 32 1317569432 15249.646204 0.52222 0.359 0.37248 0.39172 0.40372 0.41444 0.42256 0.23722 0.074 0.08748 0.10672 0.11872 0.12944 0.13756 29
      28 2011 10 02 15 45 32 1317570332 15249.656620 0.539646 0.384581 0.399 0.409936 0.421581 0.437226 0.451903 0.254646 0.0995806 0.114 0.124935 0.136581 0.152226 0.166903 29
      29 2011 10 02 16 00 32 1317571232 15249.667037 0.521628 0.361965 0.376368 0.390737 0.403649 0.417649 0.428982 0.236628 0.0769649 0.0913684 0.105737 0.118649 0.132649 0.143982 29
      30 2011 10 02 16 15 31 1317572131 15249.677442 0.508078 0.355552 0.36754 0.379667 0.391103 0.40346 0.415 0.223078 0.0705517 0.0825402 0.0946667 0.106103 0.11846 0.13 29
      31 2011 10 02 16 30 32 1317573032 15249.687870 0.552997 0.386427 0.401674 0.414899 0.427697 0.440539 0.451056 0.267997 0.101427 0.116674 0.129899 0.142697 0.155539 0.166056 29
      32 2011 10 02 16 45 31 1317573931 15249.698275 0.58439 0.406849 0.421301 0.435671 0.451562 0.466822 0.481589 0.29939 0.121849 0.136301 0.150671 0.166562 0.181822 0.196589 29
      33 2011 10 02 17 00 32 1317574832 15249.708704 0.587322 0.400902 0.419918 0.436738 0.451 0.465033 0.480508 0.302322 0.115902 0.134918 0.151738 0.166 0.180033 0.195508 29
      34 2011 10 02 17 15 31 1317575731 15249.719109 0.572131 0.378536 0.395043 0.413188 0.430652 0.445855 0.459957 0.287131 0.0935362 0.110043 0.128188 0.145652 0.160855 0.174957 29
      35 2011 10 02 17 30 32 1317576632 15249.729537 0.598567 0.414723 0.431877 0.448292 0.4666 0.4828 0.4968 0.313567 0.129723 0.146877 0.163292 0.1816 0.1978 0.2118 29
      36 2011 10 02 17 45 31 1317577531 15249.739942 0.583379 0.410765 0.426835 0.440588 0.454576 0.4682 0.481624 0.298379 0.125765 0.141835 0.155588 0.169576 0.1832 0.196624 29
      37 2011 10 02 18 00 32 1317578432 15249.750370 0.572091 0.395259 0.413259 0.429835 0.444376 0.457824 0.469341 0.287091 0.110259 0.128259 0.144835 0.159376 0.172824 0.184341 29
      38 2011 10 02 18 15 31 1317579331 15249.760775 0.557549 0.378609 0.394299 0.408012 0.422943 0.435828 0.446035 0.272549 0.0936092 0.109299 0.123011 0.137943 0.150828 0.161034 29
      39 2011 10 02 18 30 32 1317580232 15249.771204 0.539923 0.368099 0.382605 0.398173 0.411247 0.424333 0.437173 0.254923 0.0830988 0.0976049 0.113173 0.126247 0.139333 0.152173 29
      40 2011 10 02 18 45 31 1317581131 15249.781609 0.528071 0.357024 0.371659 0.385435 0.396082 0.407353 0.417612 0.243071 0.0720235 0.0866588 0.100435 0.111082 0.122353 0.132612 29
      41 2011 10 02 19 00 32 1317582032 15249.792037 0.535044 0.365114 0.379215 0.391025 0.402658 0.41481 0.425962 0.250044 0.0801139 0.0942152 0.106025 0.117658 0.12981 0.140962 29
      42 2011 10 02 19 15 31 1317582931 15249.802442 0.574045 0.401848 0.41676 0.430215 0.444772 0.457481 0.469253 0.289045 0.116848 0.13176 0.145215 0.159772 0.172481 0.184253 29
      43 2011 10 02 19 30 32 1317583832 15249.812870 0.589851 0.415275 0.432922 0.448647 0.46002 0.471098 0.485333 0.304851 0.130275 0.147922 0.163647 0.17502 0.186098 0.200333 29
      44 2011 10 02 19 45 31 1317584731 15249.823275 0.583405 0.411634 0.427951 0.444366 0.46061 0.473537 0.484902 0.298405 0.126634 0.142951 0.159366 0.17561 0.188537 0.199902 29
      45 2011 10 02 20 00 31 1317585631 15249.833692 0.557387 0.385314 0.400543 0.415829 0.430657 0.444543 0.456029 0.272387 0.100314 0.115543 0.130829 0.145657 0.159543 0.171029 29
      46 2011 10 02 20 15 32 1317586532 15249.844120 0.52864 0.371 0.383218 0.394927 0.406255 0.417291 0.427527 0.24364 0.086 0.0982182 0.109927 0.121255 0.132291 0.142527 29
      47 2011 10 02 20 30 31 1317587431 15249.854525 0.495257 0.337 0.349265 0.360592 0.372367 0.381959 0.391265 0.210257 0.052 0.0642653 0.0755918 0.0873674 0.0969592 0.106265 28
      48 2011 10 02 20 45 32 1317588332 15249.864954 0.45388 0.327081 0.341595 0.353405 0.363378 0.372919 0.382216 0.16888 0.0420811 0.0565946 0.0684054 0.0783784 0.0879189 0.0972162 28
      49 2011 10 02 21 00 32 1317589232 15249.875370 0.488405 0.35513 0.366478 0.377348 0.387174 0.395739 0.402957 0.203405 0.0701304 0.0814783 0.0923478 0.102174 0.110739 0.117957 28
      50 2011 10 04 04 45 31 1317703531 15251.198275 0.51837 0.378095 0.390476 0.401333 0.413 0.424095 0.43481 0.23337 0.0930952 0.105476 0.116333 0.128 0.139095 0.14981 30
      51 2011 10 04 05 30 31 1317706231 15251.229525 0.533142 0.400541 0.411946 0.424378 0.434 0.444946 0.454027 0.248142 0.115541 0.126946 0.139378 0.149 0.159946 0.169027 31
      52 2011 10 04 05 45 32 1317707132 15251.239954 0.536707 0.412851 0.424234 0.435234 0.444128 0.452766 0.460766 0.251707 0.127851 0.139234 0.150234 0.159128 0.167766 0.175766 31
      53 2011 10 04 06 00 32 1317708032 15251.250370 0.528039 0.404898 0.414831 0.424644 0.434627 0.443627 0.454407 0.243039 0.119898 0.129831 0.139644 0.149627 0.158627 0.169407 31
      54 2011 10 04 06 15 31 1317708931 15251.260775 0.534682 0.412847 0.424339 0.435542 0.444576 0.453254 0.462458 0.249682 0.127847 0.139339 0.150542 0.159576 0.168254 0.177458 31
      55 2011 10 04 06 30 32 1317709832 15251.271204 0.544428 0.414275 0.424529 0.434275 0.443765 0.45502 0.465608 0.259428 0.129275 0.139529 0.149275 0.158765 0.17002 0.180608 31
      56 2011 10 04 06 45 31 1317710731 15251.281609 0.528134 0.398691 0.409982 0.419218 0.427145 0.435891 0.445055 0.243134 0.113691 0.124982 0.134218 0.142145 0.150891 0.160055 31
      57 2011 10 04 07 00 32 1317711632 15251.292037 0.501292 0.379082 0.389619 0.399546 0.408742 0.419041 0.428144 0.216292 0.0940825 0.104619 0.114546 0.123742 0.134041 0.143144 31
      58 2011 10 04 07 15 31 1317712531 15251.302442 0.499633 0.375706 0.385734 0.394569 0.403495 0.412303 0.420367 0.214633 0.0907064 0.100734 0.109569 0.118495 0.127303 0.135367 31
      59 2011 10 04 07 30 32 1317713432 15251.312870 0.490887 0.356557 0.366876 0.377217 0.387608 0.396722 0.40632 0.205887 0.0715567 0.0818763 0.0922165 0.102608 0.111722 0.12132 31
      60 2011 10 04 07 45 31 1317714331 15251.323275 0.480067 0.34767 0.360884 0.371476 0.381204 0.389359 0.398981 0.195067 0.0626699 0.0758835 0.0864757 0.0962039 0.104359 0.113981 31
      61 2011 10 04 08 00 31 1317715231 15251.333692 0.480349 0.353028 0.362648 0.372423 0.381211 0.389408 0.397606 0.195349 0.0680282 0.0776479 0.0874225 0.0962113 0.104408 0.112606 31
      62 2011 10 04 08 15 32 1317716132 15251.344120 0.46593 0.349789 0.360732 0.370704 0.37893 0.387085 0.396507 0.18093 0.0647887 0.0757324 0.0857042 0.0939296 0.102085 0.111507 31
      63 2011 10 04 08 30 31 1317717031 15251.354525 0.455506 0.349472 0.359056 0.368438 0.37582 0.382854 0.391337 0.170506 0.0644719 0.0740562 0.0834382 0.0908202 0.0978539 0.106337 31
      64 2011 10 04 08 45 32 1317717932 15251.364954 0.451392 0.340127 0.351437 0.36207 0.369944 0.378944 0.387916 0.166392 0.0551268 0.0664366 0.0770704 0.0849437 0.0939437 0.102915 31
      65 2011 10 04 09 00 31 1317718831 15251.375359 0.442672 0.326184 0.339225 0.349531 0.358796 0.367592 0.374347 0.157672 0.0411837 0.0542245 0.0645306 0.0737959 0.0825918 0.0893469 31
      66 2011 10 04 09 15 32 1317719732 15251.385787 0.450051 0.332395 0.341558 0.352093 0.363419 0.372535 0.380233 0.165051 0.0473954 0.0565581 0.067093 0.0784186 0.0875349 0.0952326 31
      67 2011 10 04 09 45 32 1317721532 15251.406620 0.448991 0.333741 0.345185 0.353667 0.362 0.372704 0.380407 0.163991 0.0487407 0.0601852 0.0686667 0.077 0.0877037 0.0954074 31
      68 2011 10 04 10 00 31 1317722431 15251.417025 0.457384 0.336333 0.347051 0.356692 0.367256 0.376744 0.383718 0.172384 0.0513333 0.0620513 0.0716923 0.0822564 0.0917436 0.098718 31
      69 2011 10 04 10 15 32 1317723332 15251.427454 0.434313 0.330207 0.338655 0.345897 0.354862 0.363 0.371034 0.149313 0.0452069 0.0536552 0.0608966 0.0698621 0.078 0.0860345 31
      70 2011 10 04 10 30 32 1317724232 15251.437870 0.435358 0.33636 0.34416 0.35212 0.35924 0.36708 0.3736 0.150358 0.05136 0.05916 0.06712 0.07424 0.08208 0.0886 30
      71 2011 10 04 10 45 31 1317725131 15251.448275 0.43457 0.332476 0.339333 0.34881 0.356238 0.363857 0.371429 0.14957 0.0474762 0.0543333 0.0638095 0.0712381 0.0788571 0.0864286 30
      72 2011 10 04 11 00 32 1317726032 15251.458704 0.442101 0.335455 0.344727 0.353303 0.362667 0.371364 0.378485 0.157101 0.0504545 0.0597273 0.068303 0.0776667 0.0863636 0.0934849 30
      73 2011 10 04 11 15 31 1317726931 15251.469109 0.420129 0.318707 0.327317 0.334 0.341488 0.348341 0.354805 0.135129 0.0337073 0.0423171 0.049 0.0564878 0.0633415 0.0698049 30
      74 2011 10 04 11 30 32 1317727832 15251.479537 0.442682 0.325279 0.336395 0.345163 0.35307 0.36107 0.367698 0.157682 0.0402791 0.0513954 0.0601628 0.0680698 0.0760698 0.0826977 30
      75 2011 10 04 11 49 50 1317728990 15251.492940 0.437856 0.32122 0.330073 0.338707 0.347317 0.356537 0.366244 0.152856 0.0362195 0.0450732 0.0537073 0.0623171 0.0715366 0.0812439 30
      76 2011 10 04 12 08 07 1317730087 15251.505637 0.458636 0.335442 0.34686 0.357372 0.367465 0.378884 0.388326 0.173636 0.0504419 0.0618605 0.0723721 0.0824651 0.0938837 0.103326 30
      77 2011 10 04 12 15 32 1317730532 15251.510787 0.45861 0.34222 0.353976 0.364781 0.374683 0.385098 0.393902 0.17361 0.0572195 0.0689756 0.0797805 0.0896829 0.100098 0.108902 30
      78 2011 10 04 12 30 31 1317731431 15251.521192 0.45023 0.333051 0.342077 0.352923 0.361795 0.370718 0.378615 0.16523 0.0480513 0.0570769 0.0679231 0.0767949 0.085718 0.0936154 29
      79 2011 10 04 12 45 32 1317732332 15251.531620 0.453087 0.334742 0.346548 0.354323 0.363774 0.371613 0.378677 0.168087 0.0497419 0.0615484 0.0693226 0.0787742 0.0866129 0.0936774 29
      80 2011 10 04 13 00 31 1317733231 15251.542025 0.425438 0.321976 0.332707 0.342293 0.352244 0.36122 0.367902 0.140438 0.0369756 0.0477073 0.0572927 0.0672439 0.0762195 0.0829024 29
      81 2011 10 04 13 15 32 1317734132 15251.552454 0.418291 0.326449 0.333959 0.343571 0.350347 0.356776 0.364122 0.133291 0.041449 0.0489592 0.0585714 0.0653469 0.0717755 0.0791225 29
      82 2011 10 04 13 30 31 1317735031 15251.562859 0.424296 0.3212 0.329578 0.338067 0.348089 0.356933 0.364289 0.139296 0.0362 0.0445778 0.0530667 0.0630889 0.0719333 0.0792889 29
      83 2011 10 04 13 45 31 1317735931 15251.573275 0.449341 0.3342 0.34592 0.3544 0.36188 0.3684 0.37824 0.164341 0.0492 0.06092 0.0694 0.07688 0.0834 0.09324 29
      84 2011 10 04 14 00 32 1317736832 15251.583704 0.435484 0.333444 0.344333 0.35237 0.360852 0.371185 0.378481 0.150484 0.0484444 0.0593333 0.0673704 0.0758519 0.0861852 0.0934815 29
      85 2011 10 04 14 15 31 1317737731 15251.594109 0.43591 0.322815 0.332481 0.341556 0.351 0.359815 0.367074 0.15091 0.0378148 0.0474815 0.0565556 0.066 0.0748148 0.0820741 29
      86 2011 10 04 14 30 32 1317738632 15251.604537 0.429222 0.315333 0.324852 0.332556 0.342111 0.350407 0.358407 0.144222 0.0303333 0.0398519 0.0475556 0.0571111 0.0654074 0.0734074 29
      87 2011 10 04 14 45 31 1317739531 15251.614942 0.452389 0.321419 0.332935 0.34271 0.353774 0.361161 0.368742 0.167389 0.0364194 0.0479355 0.0577097 0.0687742 0.0761613 0.0837419 29
      88 2011 10 04 15 00 32 1317740432 15251.625370 0.485178 0.35 0.362484 0.373548 0.384194 0.392871 0.401806 0.200178 0.065 0.0774839 0.0885484 0.0991936 0.107871 0.116806 29
      89 2011 10 04 15 15 31 1317741331 15251.635775 0.495675 0.367371 0.382286 0.392571 0.403086 0.411 0.419943 0.210675 0.0823714 0.0972857 0.107571 0.118086 0.126 0.134943 29
      90 2011 10 04 15 30 32 1317742232 15251.646204 0.489862 0.367258 0.376936 0.386032 0.397871 0.406548 0.416323 0.204862 0.0822581 0.0919355 0.101032 0.112871 0.121548 0.131323 29
      91 2011 10 04 16 15 31 1317744931 15251.677442 0.462214 0.33792 0.34732 0.35764 0.367 0.3756 0.38288 0.177214 0.05292 0.06232 0.07264 0.082 0.0906 0.09788 29
      92 2011 10 04 16 30 32 1317745832 15251.687870 0.459249 0.336667 0.34463 0.353556 0.363037 0.373259 0.382556 0.174249 0.0516667 0.0596296 0.0685556 0.078037 0.0882593 0.0975556 29
      93 2011 11 01 02 00 32 1320112832 15279.083704 0.560788 0.4036 0.418 0.43044 0.44496 0.45752 0.47192 0.275788 0.1186 0.133 0.14544 0.15996 0.17252 0.18692 26
      94 2011 11 01 02 15 31 1320113731 15279.094109 0.569059 0.420152 0.434485 0.443667 0.45003 0.460091 0.471 0.284058 0.135152 0.149485 0.158667 0.16503 0.175091 0.186 26
      95 2011 11 01 02 30 32 1320114632 15279.104537 0.553814 0.404581 0.417613 0.430774 0.442484 0.454968 0.466097 0.268814 0.119581 0.132613 0.145774 0.157484 0.169968 0.181097 26
      96 2011 11 01 02 45 31 1320115531 15279.114942 0.54731 0.410074 0.422815 0.434222 0.444556 0.457148 0.465778 0.26231 0.125074 0.137815 0.149222 0.159556 0.172148 0.180778 26
      97 2011 11 01 03 00 32 1320116432 15279.125370 0.597184 0.444667 0.454333 0.466259 0.478296 0.490185 0.499741 0.312184 0.159667 0.169333 0.181259 0.193296 0.205185 0.214741 28
      98 2011 11 01 03 15 31 1320117331 15279.135775 0.592297 0.439743 0.453943 0.465429 0.477057 0.489029 0.500657 0.307297 0.154743 0.168943 0.180429 0.192057 0.204029 0.215657 28
      99 2011 11 01 03 30 32 1320118232 15279.146204 0.591444 0.441758 0.455515 0.466545 0.478 0.490545 0.502364 0.306444 0.156758 0.170515 0.181545 0.193 0.205545 0.217364 28
     100 2011 11 01 03 45 31 1320119131 15279.156609 0.599692 0.447351 0.46173 0.474027 0.486 0.498432 0.508162 0.314692 0.162351 0.17673 0.189027 0.201 0.213432 0.223162 28
     101 2011 11 01 03 50 39 1320119439 15279.160174 0.536536 0.397714 0.412286 0.424143 0.437524 0.448905 0.457143 0.251536 0.112714 0.127286 0.139143 0.152524 0.163905 0.172143 28
     102 2011 11 01 04 00 31 1320120031 15279.167025 0.575873 0.42702 0.438755 0.450939 0.462776 0.475551 0.48751 0.290873 0.14202 0.153755 0.165939 0.177776 0.190551 0.20251 28
     103 2011 11 01 04 05 39 1320120339 15279.170590 0.561046 0.419387 0.432548 0.444516 0.456226 0.467258 0.476387 0.276046 0.134387 0.147548 0.159516 0.171226 0.182258 0.191387 28
     104 2011 11 01 04 15 32 1320120932 15279.177454 0.561106 0.410862 0.4228 0.434908 0.445862 0.456431 0.468815 0.276106 0.125862 0.1378 0.149908 0.160862 0.171431 0.183815 28
     105 2011 11 01 04 20 39 1320121239 15279.181007 0.581819 0.435256 0.448462 0.463154 0.477205 0.488846 0.498333 0.296819 0.150256 0.163462 0.178154 0.192205 0.203846 0.213333 28
     106 2011 11 01 04 30 31 1320121831 15279.187859 0.56817 0.415367 0.42838 0.442 0.453013 0.462975 0.472557 0.28317 0.130367 0.14338 0.157 0.168013 0.177975 0.187557 29
     107 2011 11 01 04 35 39 1320122139 15279.191424 0.588904 0.444356 0.461311 0.473644 0.484622 0.496444 0.507667 0.303904 0.159356 0.176311 0.188644 0.199622 0.211444 0.222667 29
     108 2011 11 01 04 45 31 1320122731 15279.198275 0.562512 0.410207 0.425333 0.439966 0.452207 0.462851 0.474253 0.277512 0.125207 0.140333 0.154966 0.167207 0.177851 0.189253 29
     109 2011 11 01 04 50 39 1320123039 15279.201840 0.603986 0.458205 0.469564 0.483103 0.496692 0.50941 0.520308 0.318986 0.173205 0.184564 0.198103 0.211692 0.22441 0.235308 29
     110 2011 11 01 05 00 31 1320123631 15279.208692 0.582218 0.415719 0.431228 0.445982 0.461193 0.474754 0.488404 0.297218 0.130719 0.146228 0.160982 0.176193 0.189754 0.203404 29
     111 2011 11 01 05 05 39 1320123939 15279.212257 0.615545 0.466439 0.477976 0.491195 0.502683 0.511634 0.523293 0.330545 0.181439 0.192976 0.206195 0.217683 0.226634 0.238293 29
     112 2011 11 01 05 15 32 1320124532 15279.219120 0.579645 0.406204 0.42149 0.437939 0.45151 0.465694 0.477837 0.294645 0.121204 0.13649 0.152939 0.16651 0.180694 0.192837 29
     113 2011 11 01 05 20 39 1320124839 15279.222674 0.598547 0.437744 0.449872 0.462744 0.47518 0.485154 0.495205 0.313546 0.152744 0.164872 0.177744 0.190179 0.200154 0.210205 29
     114 2011 11 01 05 30 32 1320125432 15279.229537 0.57345 0.406145 0.421309 0.433709 0.447527 0.459636 0.471491 0.28845 0.121145 0.136309 0.148709 0.162527 0.174636 0.186491 30
     115 2011 11 01 05 35 39 1320125739 15279.233090 0.564024 0.426556 0.437111 0.449111 0.459022 0.4714 0.4792 0.279024 0.141556 0.152111 0.164111 0.174022 0.1864 0.1942 30
     116 2011 11 01 05 45 31 1320126331 15279.239942 0.562606 0.414095 0.427794 0.439143 0.449778 0.459016 0.470095 0.277606 0.129095 0.142794 0.154143 0.164778 0.174016 0.185095 30
     117 2011 11 01 05 50 39 1320126639 15279.243507 0.585536 0.442257 0.455057 0.464771 0.474371 0.485429 0.494457 0.300536 0.157257 0.170057 0.179771 0.189371 0.200429 0.209457 30
     118 2011 11 01 06 00 32 1320127232 15279.250370 0.577557 0.420836 0.433049 0.444918 0.457066 0.468295 0.478328 0.292557 0.135836 0.148049 0.159918 0.172066 0.183295 0.193328 30
     119 2011 11 01 06 05 39 1320127539 15279.253924 0.602383 0.437414 0.451138 0.464517 0.477828 0.491517 0.501862 0.317382 0.152414 0.166138 0.179517 0.192828 0.206517 0.216862 30
     120 2011 11 01 06 15 32 1320128132 15279.260787 0.556043 0.388 0.399576 0.411455 0.424455 0.434152 0.448515 0.271043 0.103 0.114576 0.126455 0.139455 0.149152 0.163515 30
     121 2011 11 01 06 30 31 1320129031 15279.271192 0.525015 0.370143 0.386905 0.400905 0.411476 0.420762 0.432571 0.240015 0.0851429 0.101905 0.115905 0.126476 0.135762 0.147571 30
     122 2011 11 01 13 00 32 1320152432 15279.542037 0.609413 0.429952 0.451095 0.465571 0.476714 0.493238 0.509476 0.324413 0.144952 0.166095 0.180571 0.191714 0.208238 0.224476 28
     123 2011 11 01 13 15 31 1320153331 15279.552442 0.609172 0.432821 0.446205 0.459949 0.478462 0.49218 0.508051 0.324172 0.147821 0.161205 0.174949 0.193462 0.207179 0.223051 28
     124 2011 11 01 13 30 31 1320154231 15279.562859 0.636092 0.44064 0.45528 0.46988 0.48788 0.50476 0.52236 0.351092 0.15564 0.17028 0.18488 0.20288 0.21976 0.23736 29
     125 2011 11 01 14 00 32 1320156032 15279.583704 0.558175 0.406429 0.420095 0.431 0.443857 0.455429 0.464905 0.273175 0.121429 0.135095 0.146 0.158857 0.170429 0.179905 29
     126 2011 11 01 14 05 39 1320156339 15279.587257 0.496168 0.380826 0.38813 0.395391 0.403391 0.413348 0.421522 0.211168 0.0958261 0.10313 0.110391 0.118391 0.128348 0.136522 29
     127 2011 11 01 14 20 39 1320157239 15279.597674 0.52924 0.396333 0.405143 0.417095 0.428143 0.436095 0.444476 0.24424 0.111333 0.120143 0.132095 0.143143 0.151095 0.159476 29
     128 2011 11 01 14 30 32 1320157832 15279.604537 0.55722 0.387757 0.401973 0.415487 0.429135 0.439892 0.448351 0.27222 0.102757 0.116973 0.130486 0.144135 0.154892 0.163351 29
     129 2011 11 01 14 35 39 1320158139 15279.608090 0.517369 0.383574 0.392098 0.400869 0.408852 0.415902 0.42259 0.232369 0.0985738 0.107098 0.115869 0.123852 0.130902 0.13759 29
     130 2011 11 01 14 45 32 1320158732 15279.614954 0.558536 0.401032 0.412258 0.424452 0.434774 0.445645 0.455 0.273536 0.116032 0.127258 0.139452 0.149774 0.160645 0.17 29
     131 2011 11 01 14 50 39 1320159039 15279.618507 0.579702 0.429364 0.441333 0.453242 0.466061 0.478 0.489485 0.294702 0.144364 0.156333 0.168242 0.181061 0.193 0.204485 29
     132 2011 11 01 15 00 31 1320159631 15279.625359 0.576887 0.411035 0.422828 0.436793 0.448517 0.462035 0.472828 0.291887 0.126034 0.137828 0.151793 0.163517 0.177034 0.187828 29
     133 2011 11 01 15 05 39 1320159939 15279.628924 0.640424 0.48904 0.5034 0.51644 0.5278 0.5382 0.54728 0.355424 0.20404 0.2184 0.23144 0.2428 0.2532 0.26228 29
     134 2011 11 01 15 15 32 1320160532 15279.635787 0.587437 0.422 0.433296 0.44463 0.457593 0.472593 0.482444 0.302437 0.137 0.148296 0.15963 0.172593 0.187593 0.197444 29
     135 2011 11 01 15 20 39 1320160839 15279.639340 0.57612 0.426839 0.437258 0.448774 0.459968 0.46971 0.479677 0.29112 0.141839 0.152258 0.163774 0.174968 0.18471 0.194677 29
     136 2011 11 01 15 30 31 1320161431 15279.646192 0.580378 0.42176 0.43556 0.44592 0.45624 0.46948 0.47976 0.295378 0.13676 0.15056 0.16092 0.17124 0.18448 0.19476 29
     137 2011 11 01 15 35 39 1320161739 15279.649757 0.600848 0.45156 0.46132 0.4712 0.48052 0.49196 0.50184 0.315848 0.16656 0.17632 0.1862 0.19552 0.20696 0.21684 29
     138 2011 11 01 16 00 32 1320163232 15279.667037 0.528241 0.374391 0.385 0.393565 0.407739 0.41787 0.426826 0.243241 0.0893913 0.1 0.108565 0.122739 0.13287 0.141826 29
     139 2011 11 01 16 05 39 1320163539 15279.670590 0.555571 0.401667 0.412182 0.421667 0.432121 0.442182 0.450485 0.270571 0.116667 0.127182 0.136667 0.147121 0.157182 0.165485 29
     140 2011 11 01 16 15 32 1320164132 15279.677454 0.530096 0.375 0.38703 0.397788 0.411121 0.42303 0.431697 0.245096 0.09 0.10203 0.112788 0.126121 0.13803 0.146697 29
     141 2011 11 01 16 20 39 1320164439 15279.681007 0.569332 0.401524 0.412905 0.423048 0.435571 0.447667 0.457238 0.284332 0.116524 0.127905 0.138048 0.150571 0.162667 0.172238 29
     142 2011 11 01 16 30 32 1320165032 15279.687870 0.601446 0.417571 0.429667 0.444476 0.455333 0.469476 0.484571 0.316446 0.132571 0.144667 0.159476 0.170333 0.184476 0.199571 29
     143 2011 11 02 07 50 39 1320220239 15280.326840 0.507631 0.406951 0.415512 0.422073 0.431146 0.438756 0.444976 0.222631 0.121951 0.130512 0.137073 0.146146 0.153756 0.159976 30
     144 2011 11 02 08 05 39 1320221139 15280.337257 0.548505 0.44737 0.458148 0.467444 0.477148 0.484444 0.490778 0.263505 0.16237 0.173148 0.182444 0.192148 0.199444 0.205778 30
     145 2011 11 02 13 20 39 1320240039 15280.556007 0.503503 0.3828 0.39296 0.40188 0.4108 0.41872 0.4266 0.218503 0.0978 0.10796 0.11688 0.1258 0.13372 0.1416 29
     146 2011 11 02 13 35 39 1320240939 15280.566424 0.497339 0.385226 0.393194 0.400903 0.408065 0.417613 0.426032 0.212339 0.100226 0.108194 0.115903 0.123065 0.132613 0.141032 28
     147 2011 11 02 14 30 32 1320244232 15280.604537 0.421748 0.27876 0.29284 0.3072 0.319 0.33112 0.34156 0.136748 -0.00624 0.00784 0.0222 0.034 0.04612 0.05656 29
     148 2011 11 02 14 45 32 1320245132 15280.614954 0.419772 0.282579 0.294018 0.306281 0.317719 0.32986 0.341561 0.134772 -0.00242105 0.00901754 0.0212807 0.0327193 0.0448597 0.0565614 29
     149 2011 11 02 14 50 39 1320245439 15280.618507 0.405235 0.318558 0.325837 0.332512 0.337558 0.342512 0.347372 0.120234 0.0335581 0.0408372 0.0475116 0.0525581 0.0575116 0.0623721 29
     150 2011 11 02 15 00 31 1320246031 15280.625359 0.419822 0.292725 0.305377 0.31642 0.327246 0.336246 0.344333 0.134822 0.00772464 0.0203768 0.0314203 0.0422464 0.0512464 0.0593333 29
     151 2011 11 02 15 05 39 1320246339 15280.628924 0.426224 0.339037 0.345926 0.353259 0.361296 0.368074 0.374556 0.141224 0.054037 0.0609259 0.0682593 0.0762963 0.0830741 0.0895556 29
     152 2011 11 02 15 15 31 1320246931 15280.635775 0.424396 0.288103 0.299655 0.310966 0.322736 0.333575 0.342931 0.139396 0.00310345 0.0146552 0.0259655 0.0377356 0.0485747 0.057931 29
     153 2011 11 02 15 20 39 1320247239 15280.639340 0.417115 0.314622 0.323541 0.330811 0.338432 0.344324 0.351703 0.132115 0.0296216 0.0385405 0.0458108 0.0534324 0.0593243 0.0667027 29
     154 2011 11 02 15 30 32 1320247832 15280.646204 0.417224 0.275093 0.287757 0.299654 0.309748 0.320047 0.330122 0.132224 -0.00990654 0.00275701 0.0146542 0.0247477 0.0350467 0.0451215 29
     155 2011 11 02 15 35 39 1320248139 15280.649757 0.410099 0.314143 0.320343 0.326429 0.333457 0.338143 0.344086 0.125099 0.0291429 0.0353429 0.0414286 0.0484571 0.0531429 0.0590857 29
     156 2011 11 02 15 45 32 1320248732 15280.656620 0.408831 0.277664 0.289664 0.300286 0.309891 0.317916 0.326437 0.123831 -0.00733613 0.00466387 0.0152857 0.0248908 0.032916 0.041437 29
     157 2011 11 02 15 50 39 1320249039 15280.660174 0.454563 0.324857 0.334238 0.343667 0.351 0.358143 0.368048 0.169563 0.0398571 0.0492381 0.0586667 0.066 0.0731429 0.0830476 29
     158 2011 11 02 16 00 31 1320249631 15280.667025 0.423969 0.280354 0.292575 0.304425 0.314487 0.32508 0.335788 0.138969 -0.00464602 0.00757522 0.0194248 0.0294867 0.0400796 0.0507876 29
     159 2011 11 02 16 15 32 1320250532 15280.677454 0.448426 0.294459 0.306329 0.319529 0.331671 0.342635 0.352918 0.163426 0.00945882 0.0213294 0.0345294 0.0466706 0.0576353 0.0679176 29
     160 2011 11 02 16 30 32 1320251432 15280.687870 0.440168 0.290597 0.30297 0.316179 0.327224 0.336836 0.346567 0.155168 0.00559702 0.0179702 0.0311791 0.0422239 0.0518358 0.0615672 29
     161 2011 11 02 16 35 39 1320251739 15280.691424 0.37591 0.279486 0.286378 0.292108 0.296378 0.301189 0.305946 0.09091 -0.00551351 0.00137838 0.00710811 0.0113784 0.0161892 0.0209459 29
     162 2011 11 02 16 45 31 1320252331 15280.698275 0.412889 0.277933 0.289888 0.299258 0.309371 0.318258 0.326494 0.127889 -0.00706742 0.00488764 0.0142584 0.0243708 0.0332584 0.0414944 29
     163 2011 11 02 16 50 39 1320252639 15280.701840 0.36367 0.271791 0.278143 0.284813 0.290923 0.296516 0.301681 0.07867 -0.0132088 -0.00685714 -0.000186813 0.00592308 0.0115165 0.0166813 29
     164 2011 11 02 17 00 00 1320253200 15280.708333 0.3094 0.252652 0.258913 0.264 0.268217 0.274043 0.278217 0.0244004 -0.0323478 -0.026087 -0.021 -0.0167826 -0.0109565 -0.00678261 29
     165 2011 11 02 17 00 32 1320253232 15280.708704 0.36897 0.252614 0.262014 0.270986 0.278572 0.286862 0.294131 0.0839698 -0.0323862 -0.0229862 -0.0140138 -0.00642759 0.00186207 0.00913104 29
     166 2011 11 02 17 05 39 1320253539 15280.712257 0.373006 0.282147 0.287758 0.2932 0.299074 0.305116 0.310558 0.0880064 -0.00285263 0.00275789 0.0082 0.0140737 0.0201158 0.0255579 29
     167 2011 11 02 17 15 32 1320254132 15280.719120 0.36929 0.25776 0.266938 0.275256 0.284705 0.293295 0.301543 0.0842898 -0.0272403 -0.018062 -0.00974419 -0.000294574 0.00829457 0.0165426 29
     168 2011 11 02 17 20 39 1320254439 15280.722674 0.410783 0.308475 0.315983 0.322271 0.329678 0.335407 0.341661 0.125783 0.0234746 0.0309831 0.0372712 0.044678 0.0504068 0.056661 29
     169 2011 11 02 17 30 31 1320255031 15280.729525 0.387857 0.270433 0.281806 0.289328 0.297731 0.306299 0.313582 0.102857 -0.0145672 -0.00319403 0.00432836 0.0127313 0.0212985 0.0285821 29
     170 2011 11 02 17 35 39 1320255339 15280.733090 0.417634 0.31408 0.32112 0.32876 0.33448 0.34036 0.34616 0.132634 0.02908 0.03612 0.04376 0.04948 0.05536 0.06116 29
     171 2011 11 02 17 45 32 1320255932 15280.739954 0.417969 0.264609 0.277652 0.289739 0.30187 0.311478 0.320826 0.132969 -0.0203913 -0.00734783 0.00473913 0.0168696 0.0264783 0.0358261 29
     172 2011 11 02 18 35 39 1320258939 15280.774757 0.34744 0.249522 0.259696 0.26813 0.273652 0.279957 0.28787 0.0624402 -0.0354783 -0.0253043 -0.0168696 -0.0113478 -0.00504348 0.00286957 28
     173 2011 11 02 19 45 32 1320263132 15280.823287 0.539616 0.38371 0.396581 0.409968 0.420548 0.432258 0.442548 0.254616 0.0987097 0.111581 0.124968 0.135548 0.147258 0.157548 29
     174 2011 11 02 19 50 39 1320263439 15280.826840 0.563965 0.439343 0.450914 0.462143 0.471343 0.480371 0.489429 0.278965 0.154343 0.165914 0.177143 0.186343 0.195371 0.204429 29
     175 2011 11 02 20 00 32 1320264032 15280.833704 0.566297 0.404103 0.417103 0.430564 0.443308 0.456103 0.469744 0.281297 0.119103 0.132103 0.145564 0.158308 0.171103 0.184744 29
     176 2011 11 02 20 05 39 1320264339 15280.837257 0.59657 0.447294 0.462824 0.477078 0.488196 0.498235 0.507471 0.31157 0.162294 0.177824 0.192078 0.203196 0.213235 0.222471 29
     177 2011 11 02 20 15 31 1320264931 15280.844109 0.543578 0.386087 0.399435 0.411826 0.422043 0.431652 0.441522 0.258578 0.101087 0.114435 0.126826 0.137043 0.146652 0.156522 29
     178 2011 11 02 20 20 39 1320265239 15280.847674 0.599583 0.437516 0.451581 0.461258 0.475226 0.486581 0.502387 0.314583 0.152516 0.166581 0.176258 0.190226 0.201581 0.217387 29
     179 2011 11 02 20 30 32 1320265832 15280.854537 0.48142 0.324074 0.339852 0.355444 0.371148 0.382778 0.394259 0.19642 0.0390741 0.0548519 0.0704444 0.0861482 0.0977778 0.109259 28
     180 2011 11 02 20 45 32 1320266732 15280.864954 0.47823 0.328226 0.340679 0.354208 0.365415 0.376717 0.386491 0.19323 0.0432264 0.0556792 0.0692076 0.0804151 0.091717 0.101491 28
     181 2011 11 02 20 50 39 1320267039 15280.868507 0.503081 0.34996 0.3584 0.3694 0.38148 0.39168 0.40144 0.218081 0.06496 0.0734 0.0844 0.09648 0.10668 0.11644 28
     182 2011 11 02 21 00 31 1320267631 15280.875359 0.487089 0.33234 0.346596 0.358936 0.368936 0.379574 0.393085 0.202089 0.0473404 0.0615957 0.0739362 0.0839362 0.0945745 0.108085 28
     183 2011 11 02 21 15 32 1320268532 15280.885787 0.501576 0.348393 0.361656 0.374885 0.384623 0.393607 0.402967 0.216576 0.0633934 0.0766557 0.0898853 0.099623 0.108607 0.117967 28
     184 2011 11 02 21 30 32 1320269432 15280.896204 0.525037 0.363426 0.380106 0.395936 0.408979 0.41917 0.430957 0.240037 0.0784255 0.0951064 0.110936 0.123979 0.13417 0.145957 28
     185 2011 11 02 21 45 31 1320270331 15280.906609 0.540037 0.3876 0.401273 0.414036 0.427109 0.439818 0.452764 0.255037 0.1026 0.116273 0.129036 0.142109 0.154818 0.167764 28
     186 2011 11 02 22 00 32 1320271232 15280.917037 0.559734 0.405176 0.419094 0.432235 0.444847 0.456988 0.468365 0.274734 0.120176 0.134094 0.147235 0.159847 0.171988 0.183365 28
     187 2011 11 02 22 15 32 1320272132 15280.927454 0.522445 0.380321 0.391753 0.403741 0.415593 0.42521 0.43684 0.237445 0.095321 0.106753 0.118741 0.130593 0.14021 0.15184 28
     188 2011 11 02 22 20 39 1320272439 15280.931007 0.482626 0.365615 0.375795 0.383923 0.392615 0.402821 0.412872 0.197626 0.0806154 0.0907949 0.0989231 0.107615 0.117821 0.127872 28
     189 2011 11 02 22 30 31 1320273031 15280.937859 0.50852 0.369523 0.382335 0.394432 0.405536 0.416142 0.424542 0.22352 0.0845226 0.0973355 0.109432 0.120535 0.131142 0.139542 28
     190 2011 11 02 22 35 39 1320273339 15280.941424 0.495147 0.360744 0.373359 0.387256 0.397564 0.407846 0.417462 0.210147 0.0757436 0.088359 0.102256 0.112564 0.122846 0.132462 28
     191 2011 11 02 22 45 32 1320273932 15280.948287 0.475331 0.335796 0.347834 0.358151 0.368842 0.378653 0.38794 0.190331 0.0507962 0.062834 0.0731509 0.0838415 0.0936528 0.10294 28
     192 2011 11 02 22 50 39 1320274239 15280.951840 0.428947 0.312208 0.32166 0.33066 0.340057 0.349245 0.355604 0.143947 0.0272075 0.0366604 0.0456604 0.0550566 0.0642453 0.0706038 28
     193 2011 11 02 23 00 32 1320274832 15280.958704 0.471872 0.322581 0.334446 0.346524 0.358378 0.369236 0.379521 0.186872 0.0375805 0.0494457 0.0615243 0.0733783 0.084236 0.0945206 28
     194 2011 11 02 23 05 39 1320275139 15280.962257 0.443515 0.322027 0.33212 0.341427 0.351813 0.360027 0.368547 0.158515 0.0370267 0.04712 0.0564267 0.0668133 0.0750267 0.0835467 28
     195 2011 11 02 23 15 31 1320275731 15280.969109 0.503619 0.353993 0.367393 0.379929 0.391472 0.402715 0.413311 0.218619 0.0689925 0.0823933 0.0949288 0.106472 0.117715 0.128311 28
     196 2011 11 02 23 20 39 1320276039 15280.972674 0.560447 0.410561 0.426351 0.441895 0.453298 0.464211 0.475895 0.275447 0.125561 0.141351 0.156895 0.168298 0.179211 0.190895 28
     197 2011 11 02 23 30 32 1320276632 15280.979537 0.514798 0.371092 0.383486 0.395988 0.406928 0.417378 0.426835 0.229798 0.0860924 0.0984859 0.110988 0.121928 0.132378 0.141835 27
     198 2011 11 02 23 35 39 1320276939 15280.983090 0.574792 0.412483 0.426552 0.438035 0.454379 0.467379 0.480862 0.289792 0.127483 0.141552 0.153034 0.169379 0.182379 0.195862 27
     199 2011 11 02 23 45 31 1320277531 15280.989942 0.501774 0.36324 0.375059 0.386092 0.397048 0.407646 0.417531 0.216774 0.0782399 0.090059 0.101092 0.112048 0.122646 0.132531 27
     200 2011 11 02 23 50 39 1320277839 15280.993507 0.51802 0.393035 0.404807 0.416737 0.426053 0.436193 0.444754 0.23302 0.108035 0.119807 0.131737 0.141053 0.151193 0.159754 27
     201 2011 11 03 00 00 32 1320278432 15281.000370 0.503839 0.357751 0.369979 0.381506 0.391988 0.402581 0.412133 0.218839 0.072751 0.0849793 0.0965062 0.106988 0.117581 0.127133 27
     202 2011 11 03 00 05 39 1320278739 15281.003924 0.523831 0.379262 0.391224 0.401617 0.412467 0.422374 0.43171 0.238831 0.0942617 0.106224 0.116617 0.127467 0.137374 0.14671 27
     203 2011 11 03 00 15 31 1320279331 15281.010775 0.494709 0.351621 0.363359 0.374887 0.384926 0.394583 0.405136 0.209709 0.0666214 0.0783592 0.0898867 0.0999256 0.109583 0.120136 27
     204 2011 11 03 00 20 39 1320279639 15281.014340 0.489216 0.360864 0.371232 0.38113 0.390034 0.398571 0.40726 0.204216 0.0758644 0.0862316 0.0961299 0.105034 0.113571 0.12226 27
     205 2011 11 03 00 30 32 1320280232 15281.021204 0.497282 0.344024 0.358209 0.370966 0.382727 0.393172 0.403471 0.212282 0.0590236 0.0732088 0.0859663 0.0977273 0.108172 0.118471 28
     206 2011 11 03 00 35 39 1320280539 15281.024757 0.493168 0.360945 0.372051 0.382139 0.391941 0.401734 0.411468 0.208168 0.0759452 0.0870506 0.0971392 0.106941 0.116734 0.126468 28
     207 2011 11 03 00 45 31 1320281131 15281.031609 0.498133 0.347019 0.360441 0.372255 0.383186 0.393348 0.40357 0.213133 0.0620192 0.0754411 0.0872548 0.0981863 0.108348 0.11857 28
     208 2011 11 03 00 50 39 1320281439 15281.035174 0.527762 0.377623 0.389527 0.401013 0.411339 0.421866 0.432695 0.242762 0.0926234 0.104527 0.116013 0.126339 0.136866 0.147695 28
     209 2011 11 03 01 00 32 1320282032 15281.042037 0.501928 0.353808 0.366735 0.379141 0.390682 0.401569 0.412256 0.216928 0.0688085 0.0817352 0.0941408 0.105682 0.116569 0.127256 28
     210 2011 11 03 01 05 39 1320282339 15281.045590 0.53078 0.38466 0.398061 0.409681 0.42019 0.429441 0.439394 0.24578 0.0996595 0.113061 0.124681 0.13519 0.144441 0.154398 28
     211 2011 11 03 01 15 31 1320282931 15281.052442 0.484407 0.346234 0.358112 0.369451 0.380278 0.390116 0.399403 0.199407 0.0612341 0.0731116 0.0844508 0.0952779 0.105116 0.114403 28
     212 2011 11 03 01 20 39 1320283239 15281.056007 0.498704 0.35212 0.363042 0.373215 0.383479 0.393167 0.402811 0.213704 0.0671198 0.0780418 0.0882145 0.0984791 0.108167 0.117811 28
     213 2011 11 03 01 30 32 1320283832 15281.062870 0.476136 0.342374 0.354208 0.365396 0.375846 0.385045 0.393962 0.191136 0.0573736 0.0692081 0.080396 0.0908456 0.100045 0.108962 29
     214 2011 11 03 01 35 39 1320284139 15281.066424 0.491843 0.340849 0.351192 0.360395 0.369179 0.378186 0.387131 0.206843 0.0558488 0.0661924 0.0753952 0.0841787 0.0931856 0.102131 29
     215 2011 11 03 01 45 31 1320284731 15281.073275 0.466233 0.331497 0.342962 0.353761 0.364322 0.374423 0.383508 0.181233 0.0464966 0.057962 0.0687606 0.0793222 0.0894228 0.0985078 29
     216 2011 11 03 01 50 39 1320285039 15281.076840 0.486109 0.348602 0.357579 0.366842 0.377008 0.385782 0.393782 0.201109 0.0636015 0.0725789 0.0818421 0.0920075 0.100782 0.108782 29
     217 2011 11 03 02 00 32 1320285632 15281.083704 0.488876 0.345914 0.358708 0.370268 0.38144 0.391899 0.402265 0.203876 0.060914 0.0737076 0.0852678 0.0964398 0.106899 0.117268 29
     218 2011 11 03 02 05 39 1320285939 15281.087257 0.517811 0.38828 0.398107 0.408413 0.419067 0.427907 0.437813 0.232811 0.10328 0.113107 0.123413 0.134067 0.142907 0.152813 29
     219 2011 11 03 02 15 00 1320286500 15281.093750 0.492652 0.365652 0.381261 0.395348 0.408304 0.41887 0.430087 0.207652 0.0806522 0.0962609 0.110348 0.123304 0.13387 0.145087 29
     220 2011 11 03 02 15 32 1320286532 15281.094120 0.501781 0.350432 0.363557 0.376148 0.387426 0.398384 0.408396 0.216781 0.0654318 0.0785571 0.0911476 0.102426 0.113384 0.123396 29
     221 2011 11 03 02 20 39 1320286839 15281.097674 0.533561 0.412766 0.424039 0.433974 0.443104 0.452987 0.461078 0.248561 0.127766 0.139039 0.148974 0.158104 0.167987 0.176078 29
     222 2011 11 03 02 30 00 1320287400 15281.104167 0.505465 0.401726 0.412157 0.421608 0.430294 0.438686 0.446431 0.220465 0.116725 0.127157 0.136608 0.145294 0.153686 0.161431 29
     223 2011 11 03 02 30 31 1320287431 15281.104525 0.499316 0.348125 0.361927 0.374936 0.386015 0.397214 0.408336 0.214316 0.0631254 0.0769266 0.0899358 0.101015 0.112214 0.123336 29
     224 2011 11 03 02 35 39 1320287739 15281.108090 0.528146 0.388732 0.400493 0.409549 0.418634 0.429831 0.440324 0.243146 0.103732 0.115493 0.124549 0.133634 0.144831 0.155324 29
     225 2011 11 03 02 45 00 1320288300 15281.114583 0.552001 0.435259 0.445407 0.454778 0.462667 0.473185 0.482111 0.267001 0.150259 0.160407 0.169778 0.177667 0.188185 0.197111 29
     226 2011 11 03 02 45 32 1320288332 15281.114954 0.477497 0.335059 0.347828 0.359926 0.371042 0.382024 0.392585 0.192497 0.0500593 0.0628279 0.0749258 0.0860415 0.0970237 0.107585 29
     227 2011 11 03 02 50 39 1320288639 15281.118507 0.51811 0.387403 0.399597 0.410313 0.421 0.430343 0.439045 0.23311 0.102403 0.114597 0.125313 0.136 0.145343 0.154045 29
     228 2011 11 03 03 00 31 1320289231 15281.125359 0.45232 0.326711 0.338025 0.348889 0.358673 0.368379 0.377869 0.16732 0.0417111 0.0530248 0.0638894 0.0736727 0.0833792 0.0928691 29
     229 2011 11 03 03 05 39 1320289539 15281.128924 0.526028 0.383918 0.396574 0.407836 0.417574 0.427836 0.437049 0.241028 0.098918 0.111574 0.122836 0.132574 0.142836 0.152049 29
     230 2011 11 03 03 15 00 1320290100 15281.135417 0.493767 0.363333 0.371741 0.38037 0.389407 0.400296 0.413259 0.208766 0.0783333 0.0867407 0.0953704 0.104407 0.115296 0.128259 29
     231 2011 11 03 03 15 32 1320290132 15281.135787 0.439098 0.325642 0.336993 0.345984 0.355492 0.364162 0.372711 0.154098 0.0406424 0.0519929 0.0609835 0.0704918 0.0791624 0.0877106 29
     232 2011 11 03 03 20 39 1320290439 15281.139340 0.48765 0.357068 0.366322 0.377017 0.387102 0.395508 0.402458 0.20265 0.0720678 0.081322 0.092017 0.102102 0.110508 0.117458 29
     233 2011 11 03 03 30 00 1320291000 15281.145833 0.433416 0.341207 0.348103 0.354655 0.361931 0.367414 0.37231 0.148416 0.0562069 0.0631035 0.0696552 0.076931 0.0824138 0.0873103 29
     234 2011 11 03 03 30 31 1320291031 15281.146192 0.427984 0.320131 0.32958 0.339099 0.347306 0.354878 0.363035 0.142984 0.0351312 0.0445802 0.0540991 0.0623061 0.0698776 0.078035 30
     235 2011 11 03 03 35 39 1320291339 15281.149757 0.525818 0.359937 0.372619 0.384794 0.396857 0.407492 0.418413 0.240818 0.0749365 0.0876191 0.0997937 0.111857 0.122492 0.133413 30
     236 2011 11 03 03 45 32 1320291932 15281.156620 0.419972 0.309938 0.320447 0.330393 0.339195 0.347883 0.355786 0.134972 0.0249377 0.0354475 0.045393 0.0541946 0.0628833 0.070786 30
     237 2011 11 03 03 50 39 1320292239 15281.160174 0.562407 0.380824 0.397373 0.40949 0.421647 0.434667 0.451157 0.277407 0.0958235 0.112373 0.12449 0.136647 0.149667 0.166157 30
     238 2011 11 03 04 00 31 1320292831 15281.167025 0.422908 0.312015 0.32102 0.331513 0.340568 0.348794 0.357101 0.137908 0.0270151 0.0360201 0.0465126 0.0555678 0.063794 0.0721005 30
     239 2011 11 03 04 05 39 1320293139 15281.170590 0.579959 0.375655 0.391 0.410552 0.429276 0.442621 0.458931 0.294959 0.0906552 0.106 0.125552 0.144276 0.157621 0.173931 30
     240 2011 11 03 04 15 32 1320293732 15281.177454 0.434984 0.313173 0.324488 0.334693 0.343717 0.351803 0.360622 0.149984 0.0281732 0.0394882 0.0496929 0.0587165 0.0668032 0.0756221 30
     241 2011 11 03 04 30 31 1320294631 15281.187859 0.464759 0.330644 0.343627 0.351627 0.36078 0.369932 0.379136 0.179759 0.0456441 0.0586271 0.0666271 0.0757797 0.0849322 0.0941356 30
     242 2011 11 03 04 45 31 1320295531 15281.198275 0.48164 0.32707 0.34014 0.352233 0.365 0.373628 0.38293 0.19664 0.0420698 0.0551395 0.0672326 0.08 0.0886279 0.0979302 30
     243 2011 11 03 05 00 32 1320296432 15281.208704 0.524941 0.342846 0.357641 0.370718 0.384769 0.396 0.408231 0.239941 0.0578462 0.072641 0.085718 0.0997692 0.111 0.123231 30
     244 2011 11 03 05 15 32 1320297332 15281.219120 0.547891 0.365297 0.381324 0.395054 0.408216 0.423108 0.43727 0.262891 0.0802973 0.0963243 0.110054 0.123216 0.138108 0.15227 30
     245 2011 11 03 05 30 31 1320298231 15281.229525 0.509018 0.339226 0.357065 0.370903 0.384323 0.397097 0.409677 0.224018 0.0542258 0.0720645 0.0859032 0.0993226 0.112097 0.124677 30
     246 2011 11 03 05 45 32 1320299132 15281.239954 0.541825 0.368091 0.387121 0.40303 0.416576 0.429939 0.445697 0.256825 0.0830909 0.102121 0.11803 0.131576 0.144939 0.160697 30
     247 2011 11 03 06 00 32 1320300032 15281.250370 0.541087 0.387854 0.403098 0.417756 0.429951 0.441561 0.450902 0.256087 0.102854 0.118098 0.132756 0.144951 0.156561 0.165902 30
     248 2011 11 03 06 15 31 1320300931 15281.260775 0.542658 0.385585 0.399547 0.412717 0.426396 0.437679 0.447679 0.257658 0.100585 0.114547 0.127717 0.141396 0.152679 0.162679 30
     249 2011 11 03 06 30 32 1320301832 15281.271204 0.518651 0.368478 0.38309 0.395284 0.407731 0.418254 0.428627 0.233651 0.0834776 0.0980896 0.110284 0.122731 0.133254 0.143627 31
     250 2011 11 03 06 35 39 1320302139 15281.274757 0.533018 0.403545 0.415879 0.428333 0.440152 0.450364 0.461242 0.248018 0.118545 0.130879 0.143333 0.155152 0.165364 0.176242 31
     251 2011 11 03 06 45 32 1320302732 15281.281620 0.519385 0.367329 0.382 0.394076 0.407481 0.419937 0.431949 0.234385 0.0823291 0.097 0.109076 0.122481 0.134937 0.146949 31
     252 2011 11 03 06 50 39 1320303039 15281.285174 0.572251 0.419152 0.432455 0.443485 0.45497 0.46597 0.477364 0.287251 0.134152 0.147455 0.158485 0.16997 0.18097 0.192364 31
     253 2011 11 03 07 00 31 1320303631 15281.292025 0.513914 0.370374 0.38541 0.398313 0.409506 0.420229 0.429602 0.228914 0.0853735 0.10041 0.113313 0.124506 0.135229 0.144602 31
     254 2011 11 03 07 05 39 1320303939 15281.295590 0.509379 0.368452 0.383645 0.394613 0.406065 0.416484 0.425742 0.224379 0.0834516 0.0986452 0.109613 0.121065 0.131484 0.140742 31
     255 2011 11 03 07 15 32 1320304532 15281.302454 0.496632 0.352506 0.365977 0.380552 0.393736 0.40431 0.414471 0.211632 0.0675058 0.080977 0.0955517 0.108736 0.11931 0.129471 31
     256 2011 11 03 07 20 39 1320304839 15281.306007 0.530795 0.392225 0.404347 0.417061 0.429449 0.439367 0.448694 0.245795 0.107224 0.119347 0.132061 0.144449 0.154367 0.163694 31
     257 2011 11 03 07 30 32 1320305432 15281.312870 0.501092 0.352222 0.367991 0.379094 0.389282 0.40053 0.410932 0.216092 0.0672222 0.0829915 0.094094 0.104282 0.11553 0.125932 31
     258 2011 11 03 07 35 39 1320305739 15281.316424 0.559041 0.385892 0.400514 0.414351 0.425027 0.437216 0.448351 0.274041 0.100892 0.115514 0.129351 0.140027 0.152216 0.163351 31
     259 2011 11 03 07 45 32 1320306332 15281.323287 0.490272 0.331619 0.348115 0.360398 0.373354 0.385035 0.397266 0.205272 0.0466195 0.063115 0.0753982 0.088354 0.100035 0.112265 31
     260 2011 11 03 07 50 39 1320306639 15281.326840 0.508394 0.361043 0.37513 0.390565 0.401522 0.411087 0.421348 0.223394 0.0760435 0.0901304 0.105565 0.116522 0.126087 0.136348 31
     261 2011 11 03 08 00 31 1320307231 15281.333692 0.480982 0.334724 0.348207 0.359149 0.368862 0.379954 0.389264 0.195982 0.0497241 0.0632069 0.0741494 0.0838621 0.094954 0.104264 31
     262 2011 11 03 08 15 32 1320308132 15281.344120 0.50708 0.346342 0.360685 0.37289 0.385548 0.397137 0.408274 0.22208 0.0613425 0.0756849 0.0878904 0.100548 0.112137 0.123274 31
     263 2011 11 03 08 30 31 1320309031 15281.354525 0.505595 0.339356 0.353288 0.367329 0.379712 0.391644 0.403562 0.220595 0.0543562 0.0682877 0.0823288 0.0947123 0.106644 0.118562 31
     264 2011 11 03 08 45 32 1320309932 15281.364954 0.497512 0.343986 0.358606 0.372239 0.384986 0.395197 0.405817 0.212512 0.0589859 0.0736056 0.0872394 0.0999859 0.110197 0.120817 31
     265 2011 11 03 09 00 32 1320310832 15281.375370 0.521007 0.365635 0.37973 0.394746 0.408413 0.420524 0.431698 0.236007 0.0806349 0.0947302 0.109746 0.123413 0.135524 0.146698 31
     266 2011 11 03 09 15 31 1320311731 15281.385775 0.48916 0.346367 0.359571 0.370102 0.381082 0.393918 0.405551 0.20416 0.0613673 0.0745714 0.085102 0.0960816 0.108918 0.120551 31
     267 2011 11 03 09 30 32 1320312632 15281.396204 0.438396 0.319333 0.329032 0.339841 0.348571 0.358413 0.367159 0.153396 0.0343333 0.0440317 0.0548413 0.0635714 0.0734127 0.0821587 31
     268 2011 11 03 09 45 32 1320313532 15281.406620 0.414868 0.303682 0.313247 0.323459 0.331929 0.339894 0.348694 0.129868 0.0186824 0.0282471 0.0384588 0.0469294 0.0548941 0.0636941 31
     269 2011 11 03 10 00 32 1320314432 15281.417037 0.402569 0.293771 0.301807 0.31112 0.319434 0.327807 0.334614 0.117569 0.00877108 0.0168072 0.0261205 0.0344337 0.0428072 0.0496145 31
     270 2011 11 03 10 15 31 1320315331 15281.427442 0.387827 0.284235 0.293333 0.303451 0.312627 0.321098 0.327863 0.102827 -0.000764706 0.00833333 0.018451 0.0276275 0.036098 0.0428627 31
     271 2011 11 03 10 20 39 1320315639 15281.431007 0.38454 0.30219 0.307381 0.312619 0.315905 0.320095 0.324571 0.09954 0.0171905 0.022381 0.027619 0.0309048 0.0350952 0.0395714 31
     272 2011 11 03 10 30 32 1320316232 15281.437870 0.373743 0.274419 0.283129 0.289613 0.297161 0.303194 0.30929 0.0887429 -0.0105806 -0.00187097 0.0046129 0.0121613 0.0181935 0.0242903 30
     273 2011 11 23 00 00 32 1322006432 15301.000370 0.70392 0.438834 0.459813 0.479815 0.498957 0.517989 0.535817 0.41892 0.153834 0.174813 0.194815 0.213957 0.232989 0.250816 28
     274 2011 11 23 00 05 39 1322006739 15301.003924 0.633686 0.473061 0.488307 0.502632 0.516202 0.528473 0.539931 0.348686 0.188061 0.203307 0.217632 0.231202 0.243473 0.254931 28
     275 2011 11 23 00 15 32 1322007332 15301.010787 0.706451 0.441748 0.463563 0.483456 0.502108 0.521214 0.539659 0.421451 0.156748 0.178563 0.198456 0.217108 0.236214 0.254659 28
     276 2011 11 23 00 20 39 1322007639 15301.014340 0.625881 0.470291 0.483646 0.496055 0.508432 0.52002 0.530922 0.340881 0.185291 0.198646 0.211055 0.223432 0.23502 0.245922 28
     277 2011 11 23 00 30 31 1322008231 15301.021192 0.70413 0.441024 0.462881 0.482423 0.501103 0.519949 0.537577 0.41913 0.156023 0.177881 0.197423 0.216103 0.234949 0.252577 29
     278 2011 11 23 00 35 39 1322008539 15301.024757 0.617882 0.45874 0.473069 0.486575 0.497886 0.510143 0.521087 0.332882 0.17374 0.188069 0.201575 0.212886 0.225143 0.236087 29
     279 2011 11 23 00 45 32 1322009132 15301.031620 0.712479 0.437882 0.459386 0.479771 0.499188 0.517872 0.535789 0.427479 0.152882 0.174386 0.194771 0.214188 0.232872 0.250789 29
     280 2011 11 23 00 50 39 1322009439 15301.035174 0.61249 0.45036 0.463491 0.475875 0.487516 0.498832 0.51004 0.32749 0.16536 0.178491 0.190875 0.202516 0.213832 0.22504 29
     281 2011 11 23 01 00 32 1322010032 15301.042037 0.727539 0.445611 0.468848 0.489909 0.510295 0.529179 0.548362 0.442539 0.160611 0.183848 0.204909 0.225295 0.244179 0.263362 29
     282 2011 11 23 01 15 31 1322010931 15301.052442 0.738923 0.451574 0.4749 0.497166 0.518114 0.537981 0.557616 0.453923 0.166574 0.1899 0.212166 0.233114 0.252981 0.272616 29
     283 2011 11 23 01 30 32 1322011832 15301.062870 0.752091 0.460102 0.484993 0.507868 0.529152 0.550353 0.570877 0.467091 0.175102 0.199993 0.222868 0.244152 0.265353 0.285877 28
     284 2011 11 23 01 45 31 1322012731 15301.073275 0.737828 0.445211 0.471381 0.494853 0.517282 0.53772 0.557937 0.452828 0.160211 0.186381 0.209853 0.232282 0.25272 0.272937 28
     285 2011 11 23 02 00 32 1322013632 15301.083704 0.69212 0.40737 0.430195 0.45192 0.472952 0.493677 0.512995 0.40712 0.12237 0.145195 0.16692 0.187952 0.208677 0.227995 28
     286 2011 11 23 02 15 32 1322014532 15301.094120 0.672771 0.390096 0.411803 0.43308 0.452834 0.471666 0.490209 0.387771 0.105096 0.126803 0.14808 0.167834 0.186666 0.205209 28
     287 2011 11 23 02 30 31 1322015431 15301.104525 0.661209 0.381209 0.40285 0.422362 0.441623 0.459818 0.476488 0.376209 0.0962086 0.11785 0.137362 0.156623 0.174818 0.191487 29
     288 2011 11 23 02 45 32 1322016332 15301.114954 0.653735 0.375884 0.397131 0.417113 0.436166 0.454612 0.47263 0.368735 0.0908843 0.112131 0.132113 0.151166 0.169612 0.18763 29
     289 2011 11 23 03 00 32 1322017232 15301.125370 0.61895 0.381963 0.402461 0.420816 0.438948 0.455259 0.471613 0.33395 0.0969633 0.117461 0.135816 0.153948 0.170259 0.186613 29
     290 2011 11 23 03 15 31 1322018131 15301.135775 0.633028 0.400077 0.420326 0.439715 0.457811 0.474277 0.491198 0.348028 0.115077 0.135326 0.154715 0.172811 0.189277 0.206198 29
     291 2011 11 23 03 30 32 1322019032 15301.146204 0.63141 0.392372 0.413679 0.434319 0.453984 0.472075 0.489846 0.34641 0.107372 0.128679 0.149319 0.168984 0.187075 0.204846 29
     292 2011 11 23 03 45 32 1322019932 15301.156620 0.654554 0.410107 0.434029 0.454413 0.474113 0.492836 0.5113 0.369554 0.125107 0.149029 0.169412 0.189113 0.207836 0.2263 29
     293 2011 12 01 16 20 39 1322756439 15309.681007 0.610326 0.46396 0.47576 0.4872 0.49448 0.50484 0.51548 0.325326 0.17896 0.19076 0.2022 0.20948 0.21984 0.23048 29
     294 2011 12 01 16 30 32 1322757032 15309.687870 0.591036 0.437148 0.450593 0.463778 0.477148 0.48663 0.497074 0.306036 0.152148 0.165593 0.178778 0.192148 0.20163 0.212074 29
     295 2011 12 01 16 35 39 1322757339 15309.691424 0.594921 0.458171 0.470171 0.4816 0.493686 0.5032 0.5116 0.30992 0.173171 0.185171 0.1966 0.208686 0.2182 0.2266 29
     296 2011 12 01 16 45 31 1322757931 15309.698275 0.595597 0.452163 0.465184 0.478143 0.49 0.501408 0.51298 0.310597 0.167163 0.180184 0.193143 0.205 0.216408 0.22798 29
     297 2011 12 01 16 50 39 1322758239 15309.701840 0.600728 0.474271 0.486407 0.498102 0.507068 0.517203 0.525441 0.315728 0.189271 0.201407 0.213102 0.222068 0.232203 0.240441 29
     298 2011 12 01 17 00 32 1322758832 15309.708704 0.597533 0.443863 0.460804 0.475255 0.489471 0.499392 0.513275 0.312533 0.158863 0.175804 0.190255 0.204471 0.214392 0.228275 28
     299 2011 12 01 17 05 39 1322759139 15309.712257 0.583905 0.459302 0.470064 0.480492 0.489746 0.500079 0.509254 0.298905 0.174302 0.185063 0.195492 0.204746 0.215079 0.224254 28
     300 2011 12 01 17 15 32 1322759732 15309.719120 0.581891 0.418881 0.436864 0.451119 0.463797 0.47661 0.489186 0.296891 0.133881 0.151864 0.166119 0.178797 0.19161 0.204186 28
     301 2011 12 01 17 20 39 1322760039 15309.722674 0.608204 0.476347 0.489187 0.50008 0.510347 0.518893 0.529907 0.323204 0.191347 0.204187 0.21508 0.225347 0.233893 0.244907 28
     302 2011 12 01 17 30 31 1322760631 15309.729525 0.596049 0.431687 0.446866 0.461806 0.474343 0.486224 0.500269 0.311049 0.146687 0.161866 0.176806 0.189343 0.201224 0.215269 28
     303 2011 12 01 17 35 39 1322760939 15309.733090 0.611073 0.464 0.477154 0.489692 0.503815 0.516908 0.527415 0.326073 0.179 0.192154 0.204692 0.218815 0.231908 0.242415 28
     304 2011 12 01 17 45 32 1322761532 15309.739954 0.55444 0.388 0.40548 0.421827 0.435227 0.44724 0.459547 0.26944 0.103 0.12048 0.136827 0.150227 0.16224 0.174547 28
     305 2011 12 01 17 50 39 1322761839 15309.743507 0.583427 0.441787 0.453747 0.46392 0.4742 0.483693 0.49348 0.298427 0.156787 0.168747 0.17892 0.1892 0.198693 0.20848 28
     306 2011 12 01 18 00 31 1322762431 15309.750359 0.546603 0.395654 0.409333 0.420617 0.432716 0.44284 0.453383 0.261603 0.110654 0.124333 0.135617 0.147716 0.15784 0.168383 28
     307 2011 12 01 18 05 39 1322762739 15309.753924 0.570377 0.43 0.441986 0.452178 0.461507 0.471247 0.481384 0.285377 0.145 0.156986 0.167178 0.176507 0.186247 0.196384 28
     308 2011 12 01 18 15 32 1322763332 15309.760787 0.540115 0.396404 0.409071 0.421232 0.43204 0.443768 0.454444 0.255115 0.111404 0.124071 0.136232 0.14704 0.158768 0.169444 28
     309 2011 12 01 18 20 39 1322763639 15309.764340 0.562803 0.425068 0.435068 0.446508 0.457186 0.466881 0.475797 0.277803 0.140068 0.150068 0.161508 0.172186 0.181881 0.190797 28
     310 2011 12 01 18 30 31 1322764231 15309.771192 0.544811 0.389785 0.404753 0.420129 0.432645 0.444613 0.456785 0.259811 0.104785 0.119753 0.135129 0.147645 0.159613 0.171785 28
     311 2011 12 01 18 35 39 1322764539 15309.774757 0.586357 0.440612 0.452878 0.463265 0.472918 0.481633 0.49149 0.301357 0.155612 0.167878 0.178265 0.187918 0.196633 0.20649 28
     312 2011 12 01 18 45 31 1322765131 15309.781609 0.544583 0.385157 0.401458 0.415819 0.428494 0.442265 0.454301 0.259583 0.100157 0.116458 0.130819 0.143494 0.157265 0.169301 28
     313 2011 12 01 18 50 39 1322765439 15309.785174 0.602533 0.463745 0.475766 0.486915 0.499085 0.508149 0.52017 0.317533 0.178745 0.190766 0.201915 0.214085 0.223149 0.23517 28
     314 2011 12 01 19 00 32 1322766032 15309.792037 0.546385 0.39126 0.405521 0.418836 0.431658 0.442534 0.455192 0.261385 0.10626 0.120521 0.133836 0.146658 0.157534 0.170192 28
     315 2011 12 01 19 05 39 1322766339 15309.795590 0.60989 0.475051 0.488923 0.499077 0.509051 0.519718 0.528231 0.32489 0.190051 0.203923 0.214077 0.224051 0.234718 0.243231 28
     316 2011 12 01 19 15 31 1322766931 15309.802442 0.540347 0.371905 0.391254 0.405 0.417889 0.429365 0.441413 0.255347 0.0869048 0.106254 0.12 0.132889 0.144365 0.156413 28
     317 2011 12 01 19 20 39 1322767239 15309.806007 0.593258 0.446106 0.45666 0.471362 0.485106 0.496085 0.507255 0.308258 0.161106 0.17166 0.186362 0.200106 0.211085 0.222255 28
     318 2011 12 01 19 30 32 1322767832 15309.812870 0.578911 0.408976 0.423878 0.440463 0.454049 0.466878 0.480463 0.293911 0.123976 0.138878 0.155463 0.169049 0.181878 0.195463 27
     319 2011 12 01 19 35 39 1322768139 15309.816424 0.617844 0.455189 0.467649 0.478243 0.491541 0.507811 0.520541 0.332844 0.170189 0.182649 0.193243 0.206541 0.222811 0.235541 27
     320 2011 12 01 19 45 32 1322768732 15309.823287 0.571634 0.397595 0.411108 0.425054 0.437811 0.448595 0.463027 0.286634 0.112595 0.126108 0.140054 0.152811 0.163595 0.178027 27
     321 2011 12 01 19 50 39 1322769039 15309.826840 0.574128 0.425086 0.440343 0.452114 0.463171 0.474657 0.487429 0.289128 0.140086 0.155343 0.167114 0.178171 0.189657 0.202429 27
     322 2011 12 01 20 00 31 1322769631 15309.833692 0.582516 0.414391 0.432609 0.445522 0.462826 0.477783 0.490435 0.297516 0.129391 0.147609 0.160522 0.177826 0.192783 0.205435 27
     323 2011 12 01 20 05 39 1322769939 15309.837257 0.561167 0.42376 0.43792 0.45048 0.46292 0.474 0.4846 0.276167 0.13876 0.15292 0.16548 0.17792 0.189 0.1996 27
     324 2011 12 02 00 15 31 1322784931 15310.010775 0.588589 0.446778 0.459926 0.471259 0.481556 0.493593 0.504222 0.303589 0.161778 0.174926 0.186259 0.196556 0.208593 0.219222 26
     325 2011 12 02 00 30 32 1322785832 15310.021204 0.57221 0.42652 0.43984 0.45316 0.46676 0.47844 0.48848 0.28721 0.14152 0.15484 0.16816 0.18176 0.19344 0.20348 26
     326 2011 12 02 00 45 32 1322786732 15310.031620 0.572305 0.416857 0.432905 0.447524 0.459 0.473714 0.48481 0.287305 0.131857 0.147905 0.162524 0.174 0.188714 0.19981 26
     327 2011 12 02 01 00 31 1322787631 15310.042025 0.570933 0.43269 0.446759 0.458241 0.467793 0.481379 0.494207 0.285933 0.14769 0.161759 0.173241 0.182793 0.196379 0.209207 26
     328 2011 12 02 01 05 39 1322787939 15310.045590 0.578762 0.458756 0.469781 0.479488 0.491244 0.501634 0.509634 0.293762 0.173756 0.18478 0.194488 0.206244 0.216634 0.224634 26
     329 2011 12 02 01 15 32 1322788532 15310.052454 0.537005 0.394439 0.408707 0.419317 0.429756 0.439781 0.448073 0.252005 0.109439 0.123707 0.134317 0.144756 0.15478 0.163073 26
     330 2011 12 02 01 20 39 1322788839 15310.056007 0.546503 0.425508 0.43622 0.446254 0.45522 0.463559 0.472644 0.261503 0.140508 0.15122 0.161254 0.17022 0.178559 0.187644 26
     331 2011 12 02 01 30 32 1322789432 15310.062870 0.516775 0.384553 0.396277 0.406319 0.419723 0.430489 0.440851 0.231775 0.0995532 0.111277 0.121319 0.134723 0.145489 0.155851 27
     332 2011 12 02 01 35 39 1322789739 15310.066424 0.550085 0.430054 0.440568 0.451324 0.461216 0.471757 0.479432 0.265085 0.145054 0.155568 0.166324 0.176216 0.186757 0.194432 27
     333 2011 12 02 01 45 31 1322790331 15310.073275 0.545303 0.38256 0.39432 0.40924 0.42192 0.43344 0.44304 0.260303 0.09756 0.10932 0.12424 0.13692 0.14844 0.15804 27
     334 2011 12 02 01 50 39 1322790639 15310.076840 0.565208 0.428087 0.436826 0.447435 0.457 0.468739 0.480739 0.280208 0.143087 0.151826 0.162435 0.172 0.183739 0.195739 27
     335 2011 12 02 02 00 31 1322791231 15310.083692 0.545189 0.383931 0.394862 0.405552 0.417621 0.427035 0.43631 0.260189 0.098931 0.109862 0.120552 0.132621 0.142034 0.15131 27
     336 2011 12 02 02 05 39 1322791539 15310.087257 0.539631 0.389379 0.401552 0.409207 0.42069 0.430655 0.439724 0.25463 0.104379 0.116552 0.124207 0.13569 0.145655 0.154724 27
     337 2011 12 02 02 20 39 1322792439 15310.097674 0.532773 0.391333 0.400619 0.41019 0.421524 0.431952 0.441619 0.247773 0.106333 0.115619 0.12519 0.136524 0.146952 0.156619 27
     338 2011 12 02 21 00 32 1322859632 15310.875370 0.54928 0.396828 0.406345 0.419241 0.431379 0.442966 0.453483 0.26428 0.111828 0.121345 0.134241 0.146379 0.157966 0.168483 27
     339 2011 12 02 21 15 31 1322860531 15310.885775 0.566062 0.420419 0.431323 0.441677 0.453516 0.465484 0.478323 0.281062 0.135419 0.146323 0.156677 0.168516 0.180484 0.193323 27
     340 2011 12 02 21 30 32 1322861432 15310.896204 0.570364 0.417623 0.431098 0.44223 0.455016 0.466623 0.478377 0.285364 0.132623 0.146098 0.15723 0.170016 0.181623 0.193377 27
     341 2011 12 02 21 35 39 1322861739 15310.899757 0.493511 0.387491 0.396434 0.405453 0.41317 0.422283 0.428906 0.208511 0.102491 0.111434 0.120453 0.12817 0.137283 0.143906 27
     342 2011 12 02 21 45 32 1322862332 15310.906620 0.560886 0.416828 0.42954 0.441609 0.45323 0.464345 0.475126 0.275886 0.131828 0.14454 0.156609 0.16823 0.179345 0.190126 27
     343 2011 12 02 21 50 39 1322862639 15310.910174 0.514476 0.392667 0.401016 0.410032 0.419651 0.429 0.436571 0.229476 0.107667 0.116016 0.125032 0.134651 0.144 0.151571 27
     344 2011 12 02 22 00 31 1322863231 15310.917025 0.558892 0.407962 0.420557 0.432519 0.444418 0.454595 0.46662 0.273892 0.122962 0.135557 0.147519 0.159418 0.169595 0.18162 27
     345 2011 12 02 22 05 39 1322863539 15310.920590 0.547497 0.420264 0.431453 0.442943 0.453415 0.463906 0.472906 0.262497 0.135264 0.146453 0.157943 0.168415 0.178906 0.187906 27
     346 2011 12 02 22 15 32 1322864132 15310.927454 0.560313 0.418293 0.430613 0.441093 0.452347 0.46204 0.470307 0.275313 0.133293 0.145613 0.156093 0.167347 0.17704 0.185307 27
     347 2011 12 02 22 30 31 1322865031 15310.937859 0.555614 0.417139 0.428924 0.441747 0.454089 0.464962 0.47476 0.270614 0.132139 0.143924 0.156747 0.169089 0.179962 0.18976 27
     348 2011 12 02 22 45 32 1322865932 15310.948287 0.566358 0.418547 0.433484 0.446684 0.457505 0.468411 0.480211 0.281358 0.133547 0.148484 0.161684 0.172505 0.183411 0.195211 27
     349 2011 12 02 23 00 31 1322866831 15310.958692 0.559638 0.409859 0.42231 0.434803 0.446423 0.456549 0.465859 0.274638 0.124859 0.13731 0.149803 0.161423 0.171549 0.180859 27
     350 2011 12 02 23 15 32 1322867732 15310.969120 0.552789 0.408612 0.421878 0.434265 0.446143 0.458612 0.470673 0.267789 0.123612 0.136878 0.149265 0.161143 0.173612 0.185673 27
     351 2011 12 02 23 31 37 1322868697 15310.980289 0.559533 0.406131 0.420082 0.431393 0.443066 0.453 0.464475 0.274533 0.121131 0.135082 0.146393 0.158066 0.168 0.179475 27
     352 2011 12 02 23 45 31 1322869531 15310.989942 0.581825 0.429026 0.440636 0.456675 0.469571 0.481792 0.492701 0.296825 0.144026 0.155636 0.171675 0.184571 0.196792 0.207701 27
     353 2011 12 02 23 50 39 1322869839 15310.993507 0.491264 0.387841 0.396275 0.403464 0.410841 0.418797 0.425101 0.206264 0.102841 0.111275 0.118464 0.125841 0.133797 0.140101 27
     354 2011 12 03 00 00 00 1322870400 15311.000000 0.452073 0.36644 0.37336 0.37888 0.38652 0.39228 0.39708 0.167073 0.08144 0.08836 0.09388 0.10152 0.10728 0.11208 27
     355 2011 12 03 00 00 31 1322870431 15311.000359 0.539097 0.389548 0.402344 0.415484 0.42657 0.436 0.44586 0.254097 0.104548 0.117344 0.130484 0.14157 0.151 0.16086 27
     356 2011 12 03 00 05 39 1322870739 15311.003924 0.460137 0.36683 0.374461 0.382624 0.390234 0.397057 0.403638 0.175137 0.0818298 0.089461 0.0976241 0.105234 0.112057 0.118638 27
     357 2011 12 03 00 15 00 1322871300 15311.010417 0.461777 0.375255 0.382137 0.388275 0.395098 0.400275 0.406137 0.176777 0.0902549 0.0971373 0.103275 0.110098 0.115275 0.121137 27
     358 2011 12 03 00 15 31 1322871331 15311.010775 0.53558 0.387086 0.400075 0.412323 0.421946 0.431979 0.441602 0.25058 0.102086 0.115075 0.127323 0.136946 0.146979 0.156602 27
     359 2011 12 03 00 20 39 1322871639 15311.014340 0.479171 0.388038 0.396344 0.403229 0.41055 0.417176 0.423573 0.194171 0.103038 0.111344 0.118229 0.12555 0.132176 0.138573 27
     360 2011 12 03 00 30 00 1322872200 15311.020833 0.473979 0.387397 0.394635 0.402032 0.409175 0.416016 0.421508 0.188979 0.102397 0.109635 0.117032 0.124175 0.131016 0.136508 27
     361 2011 12 03 00 30 32 1322872232 15311.021204 0.546184 0.400195 0.412299 0.424402 0.436126 0.446333 0.456138 0.261184 0.115195 0.127299 0.139402 0.151126 0.161333 0.171138 27
     362 2011 12 03 00 35 39 1322872539 15311.024757 0.489774 0.361794 0.371278 0.379742 0.388629 0.397598 0.406247 0.204774 0.0767938 0.0862784 0.0947423 0.103629 0.112598 0.121247 27
     363 2011 12 03 00 45 32 1322873132 15311.031620 0.5214 0.388859 0.401887 0.412197 0.423085 0.433085 0.442887 0.2364 0.103859 0.116887 0.127197 0.138085 0.148085 0.157887 27
     364 2011 12 03 00 50 39 1322873439 15311.035174 0.464309 0.353853 0.36162 0.369419 0.376512 0.383279 0.39114 0.179309 0.0688527 0.0766202 0.0844186 0.0915116 0.0982791 0.10614 27
     365 2011 12 03 01 00 31 1322874031 15311.042025 0.511531 0.364679 0.377509 0.390698 0.401623 0.410302 0.419453 0.226531 0.0796792 0.0925094 0.105698 0.116623 0.125302 0.134453 27
     366 2011 12 03 01 05 39 1322874339 15311.045590 0.461663 0.354567 0.362624 0.369816 0.377213 0.384206 0.391043 0.176663 0.0695674 0.0776241 0.0848156 0.0922128 0.0992057 0.106043 27
     367 2011 12 03 01 15 32 1322874932 15311.052454 0.500457 0.364652 0.374232 0.384275 0.39442 0.403797 0.413362 0.215457 0.0796522 0.0892319 0.0992754 0.10942 0.118797 0.128362 27
     368 2011 12 03 01 20 39 1322875239 15311.056007 0.481666 0.362133 0.370522 0.37831 0.386549 0.393416 0.402239 0.196666 0.0771327 0.0855221 0.0933097 0.101549 0.108416 0.117239 27
     369 2011 12 03 01 30 32 1322875832 15311.062870 0.527636 0.379264 0.392759 0.40546 0.41654 0.427816 0.437989 0.242636 0.0942644 0.107759 0.12046 0.13154 0.142816 0.152989 28
     370 2011 12 03 01 35 39 1322876139 15311.066424 0.549433 0.389906 0.402226 0.413359 0.42583 0.437434 0.448925 0.264433 0.104906 0.117226 0.128358 0.14083 0.152434 0.163925 28
     371 2011 12 03 01 45 32 1322876732 15311.073287 0.558166 0.401775 0.414416 0.425652 0.436618 0.44718 0.456416 0.273166 0.116775 0.129416 0.140652 0.151618 0.16218 0.171416 28
     372 2011 12 03 01 50 39 1322877039 15311.076840 0.572827 0.423156 0.435622 0.4488 0.460444 0.470356 0.479356 0.287827 0.138156 0.150622 0.1638 0.175444 0.185356 0.194356 28
     373 2011 12 03 02 00 31 1322877631 15311.083692 0.541611 0.394718 0.409423 0.419352 0.429972 0.440775 0.451916 0.256611 0.109718 0.124423 0.134352 0.144972 0.155775 0.166916 28
     374 2011 12 03 02 05 39 1322877939 15311.087257 0.576458 0.422677 0.433677 0.443806 0.454548 0.464613 0.47529 0.291458 0.137677 0.148677 0.158806 0.169548 0.179613 0.19029 28
     375 2011 12 03 02 15 32 1322878532 15311.094120 0.547122 0.393636 0.408091 0.421234 0.432091 0.444558 0.455766 0.262122 0.108636 0.123091 0.136234 0.147091 0.159558 0.170766 28
     376 2011 12 03 02 30 32 1322879432 15311.104537 0.555129 0.397015 0.410696 0.421783 0.433377 0.443507 0.454623 0.270129 0.112014 0.125696 0.136783 0.148377 0.158507 0.169623 29
     377 2011 12 03 02 45 31 1322880331 15311.114942 0.531246 0.399459 0.410934 0.421508 0.432508 0.441656 0.452 0.246246 0.114459 0.125934 0.136508 0.147508 0.156656 0.167 29
     378 2011 12 03 03 00 31 1322881231 15311.125359 0.540983 0.409774 0.42029 0.427839 0.438548 0.44829 0.457355 0.255983 0.124774 0.13529 0.142839 0.153548 0.16329 0.172355 29
     379 2011 12 03 03 15 32 1322882132 15311.135787 0.529111 0.395487 0.406703 0.414865 0.423054 0.431378 0.443054 0.244111 0.110486 0.121703 0.129865 0.138054 0.146378 0.158054 29
     380 2011 12 03 03 30 32 1322883032 15311.146204 0.546945 0.406298 0.419021 0.430957 0.440596 0.450362 0.460085 0.261945 0.121298 0.134021 0.145957 0.155596 0.165362 0.175085 30
     381 2011 12 03 03 35 39 1322883339 15311.149757 0.514011 0.393838 0.40373 0.414108 0.421568 0.431622 0.440892 0.229011 0.108838 0.11873 0.129108 0.136568 0.146622 0.155892 30
     382 2011 12 03 03 45 31 1322883931 15311.156609 0.526516 0.399043 0.410652 0.421362 0.432203 0.441348 0.449797 0.241516 0.114043 0.125652 0.136362 0.147203 0.156348 0.164797 30
     383 2011 12 03 03 50 39 1322884239 15311.160174 0.497395 0.395419 0.404651 0.413163 0.420047 0.427884 0.433023 0.212395 0.110419 0.119651 0.128163 0.135047 0.142884 0.148023 30
     384 2011 12 03 04 00 32 1322884832 15311.167037 0.531056 0.391314 0.403486 0.4132 0.424514 0.435571 0.445 0.246056 0.106314 0.118486 0.1282 0.139514 0.150571 0.16 30
     385 2011 12 03 04 05 39 1322885139 15311.170590 0.471753 0.36661 0.374659 0.382512 0.393268 0.402366 0.40839 0.186753 0.0816098 0.0896585 0.0975122 0.108268 0.117366 0.12339 30
     386 2011 12 03 04 15 32 1322885732 15311.177454 0.552536 0.3984 0.41096 0.42328 0.43312 0.44412 0.45412 0.267536 0.1134 0.12596 0.13828 0.14812 0.15912 0.16912 30
     387 2011 12 03 04 20 39 1322886039 15311.181007 0.46545 0.347739 0.357391 0.36587 0.374913 0.382609 0.392739 0.18045 0.0627391 0.0723913 0.0808696 0.089913 0.0976087 0.107739 30
     388 2011 12 03 14 35 39 1322922939 15311.608090 0.541121 0.4212 0.42948 0.43796 0.44672 0.45448 0.46528 0.256121 0.1362 0.14448 0.15296 0.16172 0.16948 0.18028 28
