    -14.000      6.456      6.510      7.109      8.742     -0.054     -1.633    -29.710    -29.770      6.456      6.510      7.109      8.742
    -16.000      6.133      6.187      6.453      7.284     -0.054     -0.831    -31.710    -31.770      6.133      6.187      6.453      7.284
    -18.000      4.893      4.783      5.244      5.212      0.110      0.032    -33.710    -33.770      4.893      4.783      5.244      5.212
    -20.000      3.022      2.947      3.381      3.390      0.075     -0.009    -35.710    -35.770      3.022      2.947      3.381      3.390
    -22.000      1.090      1.041      1.453      1.489      0.049     -0.036    -37.710    -37.770      1.090      1.041      1.453      1.489
    -24.000     -0.806     -0.838     -0.443     -0.388      0.032     -0.055    -39.710    -39.770     -0.806     -0.838     -0.443     -0.388
    -26.000     -2.796     -2.810     -2.430     -2.359      0.014     -0.071    -41.710    -41.770     -2.796     -2.810     -2.430     -2.359
    -28.000     -4.800     -4.803     -4.433     -4.349      0.003     -0.084    -43.710    -43.770     -4.800     -4.803     -4.433     -4.349
    -30.000     -6.766     -6.761     -6.400     -6.305     -0.005     -0.095    -45.710    -45.770     -6.766     -6.761     -6.400     -6.305
    -32.000     -8.786     -8.773     -8.418     -8.318     -0.013     -0.100    -47.710    -47.770     -8.786     -8.773     -8.418     -8.318
    -34.000    -10.755    -10.736    -10.391    -10.282     -0.019     -0.109    -49.710    -49.770    -10.755    -10.736    -10.391    -10.282
    -36.000    -12.780    -12.755    -12.418    -12.304     -0.025     -0.114    -51.710    -51.770    -12.780    -12.755    -12.418    -12.304
    -38.000    -14.746    -14.717    -14.378    -14.264     -0.029     -0.114    -53.710    -53.770    -14.746    -14.717    -14.378    -14.264
    -40.000    -16.758    -16.733    -16.396    -16.275     -0.025     -0.121    -55.710    -55.770    -16.758    -16.733    -16.396    -16.275
    -42.000    -18.781    -18.755    -18.419    -18.298     -0.026     -0.121    -57.710    -57.770    -18.781    -18.755    -18.419    -18.298
    -44.000    -20.759    -20.731    -20.398    -20.275     -0.028     -0.123    -59.710    -59.770    -20.759    -20.731    -20.398    -20.275
    -46.000    -22.760    -22.732    -22.398    -22.274     -0.028     -0.124    -61.710    -61.770    -22.760    -22.732    -22.398    -22.274
    -48.000    -24.726    -24.696    -24.364    -24.236     -0.030     -0.128    -63.710    -63.770    -24.726    -24.696    -24.364    -24.236
    -50.000    -26.750    -26.721    -26.386    -26.260     -0.029     -0.126    -65.710    -65.770    -26.750    -26.721    -26.386    -26.260
    -52.000    -28.770    -28.742    -28.407    -28.282     -0.028     -0.125    -67.710    -67.770    -28.770    -28.742    -28.407    -28.282
    -54.000    -30.777    -30.747    -30.416    -30.293     -0.030     -0.123    -69.710    -69.770    -30.777    -30.747    -30.416    -30.293
    -56.000    -32.798    -32.768    -32.435    -32.312     -0.030     -0.123    -71.710    -71.770    -32.798    -32.768    -32.435    -32.312
    -58.000    -34.749    -34.718    -34.389    -34.267     -0.031     -0.122    -73.710    -73.770    -34.749    -34.718    -34.389    -34.267
    -60.000    -36.775    -36.743    -36.412    -36.289     -0.032     -0.123    -75.710    -75.770    -36.775    -36.743    -36.412    -36.289
    -62.000    -38.791    -38.761    -38.434    -38.309     -0.030     -0.125    -77.710    -77.770    -38.792    -38.762    -38.435    -38.310
    -64.000    -40.735    -40.704    -40.382    -40.257     -0.031     -0.125    -79.710    -79.770    -40.736    -40.705    -40.383    -40.258
    -66.000    -42.759    -42.732    -42.402    -42.282     -0.027     -0.120    -81.710    -81.770    -42.761    -42.734    -42.404    -42.284
    -68.000    -44.715    -44.691    -44.364    -44.241     -0.024     -0.123    -83.710    -83.770    -44.718    -44.694    -44.367    -44.244
    -70.000    -46.730    -46.712    -46.381    -46.261     -0.018     -0.120    -85.710    -85.770    -46.734    -46.716    -46.385    -46.265
    -72.000    -48.742    -48.731    -48.391    -48.274     -0.011     -0.117    -87.710    -87.770    -48.749    -48.738    -48.398    -48.281
    -74.000    -50.708    -50.702    -50.356    -50.243     -0.006     -0.113    -89.710    -89.770    -50.719    -50.713    -50.367    -50.254
    -76.000    -52.715    -52.712    -52.360    -52.254     -0.003     -0.106    -91.710    -91.770    -52.733    -52.730    -52.378    -52.272
    -78.000    -54.654    -54.656    -54.303    -54.195      0.002     -0.108    -93.710    -93.770    -54.682    -54.684    -54.331    -54.223
    -80.000    -56.658    -56.658    -56.304    -56.199      0.000     -0.105    -95.710    -95.770    -56.702    -56.702    -56.348    -56.243
    -82.000    -58.589    -58.608    -58.248    -58.130      0.019     -0.118    -97.710    -97.770    -58.658    -58.677    -58.317    -58.199
    -84.000    -60.571    -60.593    -60.229    -60.115      0.022     -0.114    -99.710    -99.770    -60.680    -60.703    -60.339    -60.225
    -86.000    -62.519    -62.529    -62.171    -62.060      0.010     -0.111   -101.710   -101.770    -62.691    -62.702    -62.344    -62.234
    -88.000    -64.412    -64.416    -64.067    -63.943      0.004     -0.124   -103.710   -103.770    -64.681    -64.686    -64.337    -64.214
    -90.000    -66.283    -66.291    -65.941    -65.822      0.008     -0.119   -105.710   -105.770    -66.704    -66.715    -66.364    -66.247
    -92.000    -68.040    -68.040    -67.688    -67.563      0.000     -0.125   -107.710   -107.770    -68.687    -68.690    -68.337    -68.214
    -94.000    -69.723    -69.708    -69.363    -69.252     -0.015     -0.111   -109.710   -109.770    -70.714    -70.699    -70.355    -70.250
    -96.000    -71.203    -71.192    -70.851    -70.711     -0.011     -0.140   -111.710   -111.770    -72.671    -72.663    -72.324    -72.182
    -98.000    -72.538    -72.539    -72.191    -72.057      0.001     -0.134   -113.710   -113.770    -74.686    -74.698    -74.349    -74.215
   -100.000    -73.672    -73.651    -73.305    -73.177     -0.021     -0.128   -115.710   -115.770    -76.739    -76.714    -76.369    -76.247
   -102.000    -74.521    -74.501    -74.153    -74.018     -0.020     -0.135   -117.710   -117.770    -78.677    -78.651    -78.301    -78.165
   -104.000    -75.185    -75.194    -74.822    -74.689      0.009     -0.133   -119.710   -119.770    -80.677    -80.752    -80.315    -80.186
   -106.000    -75.689    -75.667    -75.320    -75.175     -0.022     -0.145   -121.710   -121.770    -82.810    -82.765    -82.418    -82.229
   -108.000    -76.000    -75.993    -75.639    -75.520     -0.007     -0.119   -123.710   -123.770    -84.722    -84.777    -84.377    -84.359
   -110.000    -76.224    -76.228    -75.863    -75.732      0.004     -0.131   -125.710   -125.770    -86.760    -86.982    -86.425    -86.329
   -112.000    -76.375    -76.356    -76.015    -75.877     -0.019     -0.138   -127.710   -127.770    -88.883    -88.823    -88.582    -88.382
   -114.000    -76.469    -76.453    -76.111    -75.972     -0.016     -0.139   -129.710   -129.770    -90.969    -90.968    -90.762    -90.495
   -116.000    -76.517    -76.519    -76.167    -76.021      0.002     -0.146   -131.710   -131.770    -92.580    -93.384    -92.796    -92.156
   -118.000    -76.566    -76.555    -76.194    -76.058     -0.011     -0.136   -133.710   -133.770    -95.201    -95.609    -94.254    -94.016
   -120.000    -76.590    -76.576    -76.231    -76.094     -0.014     -0.137   -135.710   -135.770    -97.438    -97.742    -97.652    -97.167
   -122.000    -76.601    -76.579    -76.257    -76.097     -0.022     -0.160   -137.710   -137.770    -99.033    -98.153   -105.294    -97.569
   -124.000    -76.621    -76.596    -76.238    -76.135     -0.025     -0.103   -139.710   -139.770   -106.120   -101.732    -98.750    -97.569
   -126.000    -76.639    -76.620    -76.270    -76.117     -0.019     -0.153   -141.710   -141.770   -106.120   -101.732    -98.750    -97.569
   -128.000    -76.636    -76.615    -76.269    -76.143     -0.021     -0.126   -143.710   -143.770   -106.120   -101.732    -98.750    -97.569
   -130.000    -76.614    -76.619    -76.277    -76.126      0.005     -0.151   -145.710   -145.770   -106.120   -101.732    -98.750    -97.569
   -132.000    -76.632    -76.614    -76.277    -76.147     -0.018     -0.130   -147.710   -147.770   -106.120   -101.732    -98.750    -97.569
   -134.000    -76.645    -76.625    -76.275    -76.135     -0.020     -0.140   -149.710   -149.770   -106.120   -101.732    -98.750    -97.569
   -136.000    -76.632    -76.624    -76.278    -76.136     -0.008     -0.142   -151.710   -151.770   -106.120   -101.732    -98.750    -97.569
   -138.000    -76.640    -76.614    -76.270    -76.131     -0.026     -0.139   -153.710   -153.770   -106.120   -101.732    -98.750    -97.569
   -140.000    -76.635    -76.621    -76.245    -76.148     -0.014     -0.097   -155.710   -155.770   -106.120   -101.732    -98.750    -97.569
