    -14.000      6.493      6.457      7.428      8.719      0.036     -1.291    -29.710    -29.770      6.493      6.457      7.428      8.719
    -16.000      6.149      6.166      6.606      7.464     -0.017     -0.858    -31.710    -31.770      6.149      6.166      6.606      7.464
    -18.000      5.010      4.895      5.315      5.314      0.115      0.001    -33.710    -33.770      5.010      4.895      5.315      5.314
    -20.000      3.143      3.067      3.456      3.497      0.076     -0.041    -35.710    -35.770      3.143      3.067      3.456      3.497
    -22.000      1.214      1.163      1.529      1.599      0.051     -0.070    -37.710    -37.770      1.214      1.163      1.529      1.599
    -24.000     -0.683     -0.713     -0.365     -0.276      0.030     -0.089    -39.710    -39.770     -0.683     -0.713     -0.365     -0.276
    -26.000     -2.670     -2.685     -2.352     -2.246      0.015     -0.106    -41.710    -41.770     -2.670     -2.685     -2.352     -2.246
    -28.000     -4.673     -4.676     -4.355     -4.235      0.003     -0.120    -43.710    -43.770     -4.673     -4.676     -4.355     -4.235
    -30.000     -6.638     -6.631     -6.318     -6.190     -0.007     -0.128    -45.710    -45.770     -6.638     -6.631     -6.318     -6.190
    -32.000     -8.655     -8.643     -8.338     -8.199     -0.012     -0.139    -47.710    -47.770     -8.655     -8.643     -8.338     -8.199
    -34.000    -10.623    -10.602    -10.306    -10.164     -0.021     -0.142    -49.710    -49.770    -10.623    -10.602    -10.306    -10.164
    -36.000    -12.646    -12.622    -12.333    -12.184     -0.024     -0.149    -51.710    -51.770    -12.646    -12.622    -12.333    -12.184
    -38.000    -14.608    -14.584    -14.293    -14.137     -0.024     -0.156    -53.710    -53.770    -14.608    -14.584    -14.293    -14.137
    -40.000    -16.626    -16.593    -16.307    -16.153     -0.033     -0.154    -55.710    -55.770    -16.626    -16.593    -16.307    -16.153
    -42.000    -18.648    -18.613    -18.330    -18.176     -0.035     -0.154    -57.710    -57.770    -18.648    -18.613    -18.330    -18.176
    -44.000    -20.587    -20.540    -20.258    -20.114     -0.047     -0.144    -59.710    -59.770    -20.587    -20.540    -20.258    -20.114
    -46.000    -22.625    -22.590    -22.308    -22.151     -0.035     -0.157    -61.710    -61.770    -22.625    -22.590    -22.308    -22.151
    -48.000    -24.593    -24.550    -24.272    -24.111     -0.043     -0.161    -63.710    -63.770    -24.593    -24.550    -24.272    -24.111
    -50.000    -26.613    -26.575    -26.294    -26.134     -0.038     -0.160    -65.710    -65.770    -26.613    -26.575    -26.294    -26.134
    -52.000    -28.633    -28.596    -28.314    -28.156     -0.037     -0.158    -67.710    -67.770    -28.633    -28.596    -28.314    -28.156
    -54.000    -30.639    -30.601    -30.321    -30.166     -0.038     -0.155    -69.710    -69.770    -30.639    -30.601    -30.321    -30.166
    -56.000    -32.659    -32.620    -32.340    -32.183     -0.039     -0.157    -71.710    -71.770    -32.659    -32.620    -32.340    -32.183
    -58.000    -34.608    -34.569    -34.292    -34.135     -0.039     -0.157    -73.710    -73.770    -34.608    -34.569    -34.292    -34.135
    -60.000    -36.632    -36.594    -36.316    -36.157     -0.038     -0.159    -75.710    -75.770    -36.632    -36.594    -36.316    -36.157
    -62.000    -38.650    -38.609    -38.336    -38.175     -0.041     -0.161    -77.710    -77.770    -38.651    -38.610    -38.337    -38.176
    -64.000    -40.594    -40.550    -40.282    -40.120     -0.044     -0.162    -79.710    -79.770    -40.595    -40.551    -40.283    -40.121
    -66.000    -42.613    -42.573    -42.302    -42.141     -0.040     -0.161    -81.710    -81.770    -42.615    -42.575    -42.304    -42.143
    -68.000    -44.573    -44.528    -44.261    -44.098     -0.045     -0.163    -83.710    -83.770    -44.576    -44.531    -44.264    -44.101
    -70.000    -46.586    -46.549    -46.276    -46.115     -0.037     -0.161    -85.710    -85.770    -46.590    -46.553    -46.280    -46.119
    -72.000    -48.596    -48.564    -48.283    -48.127     -0.032     -0.156    -87.710    -87.770    -48.603    -48.571    -48.290    -48.134
    -74.000    -50.559    -50.532    -50.246    -50.093     -0.027     -0.153    -89.710    -89.770    -50.570    -50.543    -50.257    -50.104
    -76.000    -52.562    -52.543    -52.251    -52.099     -0.019     -0.152    -91.710    -91.770    -52.579    -52.560    -52.268    -52.116
    -78.000    -54.500    -54.480    -54.187    -54.037     -0.020     -0.150    -93.710    -93.770    -54.527    -54.507    -54.214    -54.064
    -80.000    -56.504    -56.485    -56.186    -56.039     -0.019     -0.147    -95.710    -95.770    -56.547    -56.528    -56.229    -56.082
    -82.000    -58.445    -58.417    -58.121    -57.984     -0.028     -0.137    -97.710    -97.770    -58.512    -58.484    -58.189    -58.051
    -84.000    -60.427    -60.408    -60.111    -59.972     -0.019     -0.139    -99.710    -99.770    -60.534    -60.514    -60.219    -60.079
    -86.000    -62.364    -62.355    -62.049    -61.908     -0.009     -0.141   -101.710   -101.770    -62.532    -62.522    -62.219    -62.076
    -88.000    -64.270    -64.254    -63.948    -63.812     -0.016     -0.136   -103.710   -103.770    -64.533    -64.516    -64.214    -64.076
    -90.000    -66.135    -66.127    -65.825    -65.688     -0.008     -0.137   -105.710   -105.770    -66.546    -66.537    -66.241    -66.101
    -92.000    -67.516    -67.500    -67.197    -67.067     -0.016     -0.130   -107.710   -107.770    -68.092    -68.073    -67.779    -67.645
    -94.000    -69.580    -69.589    -69.268    -69.140      0.009     -0.128   -109.710   -109.770    -70.548    -70.557    -70.248    -70.114
    -96.000    -71.069    -71.076    -70.740    -70.625      0.007     -0.115   -111.710   -111.770    -72.504    -72.511    -72.187    -72.068
    -98.000    -72.429    -72.420    -72.116    -71.976     -0.009     -0.140   -113.710   -113.770    -74.539    -74.520    -74.256    -74.094
   -100.000    -73.556    -73.555    -73.231    -73.107     -0.001     -0.124   -115.710   -115.770    -76.557    -76.548    -76.267    -76.124
   -102.000    -74.441    -74.423    -74.091    -73.978     -0.018     -0.113   -117.710   -117.770    -78.549    -78.492    -78.214    -78.089
   -104.000    -75.111    -75.122    -74.787    -74.659      0.011     -0.128   -119.710   -119.770    -80.543    -80.563    -80.309    -80.124
   -106.000    -75.610    -75.629    -75.249    -75.147      0.019     -0.102   -121.710   -121.770    -82.613    -82.679    -82.247    -82.158
   -108.000    -75.938    -75.937    -75.577    -75.479     -0.001     -0.098   -123.710   -123.770    -84.585    -84.531    -84.215    -84.164
   -110.000    -76.169    -76.172    -75.810    -75.718      0.003     -0.092   -125.710   -125.770    -86.656    -86.615    -86.303    -86.350
   -112.000    -76.303    -76.314    -75.969    -75.865      0.011     -0.104   -127.710   -127.770    -88.460    -88.527    -88.540    -88.462
   -114.000    -76.404    -76.419    -76.057    -75.945      0.015     -0.112   -129.710   -129.770    -90.520    -90.729    -90.496    -90.213
   -116.000    -76.463    -76.491    -76.124    -76.020      0.028     -0.104   -131.710   -131.770    -92.378    -93.274    -92.904    -92.868
   -118.000    -76.519    -76.515    -76.155    -76.049     -0.004     -0.106   -133.710   -133.770    -95.389    -94.598    -94.700    -94.557
   -120.000    -76.540    -76.555    -76.175    -76.069      0.015     -0.106   -135.710   -135.770    -97.409    -98.467    -96.431    -96.269
   -122.000    -76.567    -76.547    -76.183    -76.079     -0.020     -0.104   -137.710   -137.770   -103.552    -97.373    -97.374    -97.466
   -124.000    -76.569    -76.570    -76.209    -76.097      0.001     -0.112   -139.710   -139.770   -104.687   -101.797   -104.056   -101.123
   -126.000    -76.573    -76.584    -76.227    -76.107      0.011     -0.120   -141.710   -141.770   -108.633   -101.797   -104.056   -106.836
   -128.000    -76.569    -76.602    -76.206    -76.114      0.033     -0.092   -143.710   -143.770   -104.687   -101.797   -104.056   -106.836
   -130.000    -76.577    -76.585    -76.222    -76.117      0.008     -0.105   -145.710   -145.770   -104.687   -101.797   -104.056   -106.836
   -132.000    -76.584    -76.583    -76.229    -76.106     -0.001     -0.123   -147.710   -147.770   -104.687   -101.797   -104.056   -106.836
   -134.000    -76.593    -76.588    -76.226    -76.139     -0.005     -0.087   -149.710   -149.770   -104.687   -101.797   -104.056   -106.836
   -136.000    -76.582    -76.609    -76.226    -76.119      0.027     -0.107   -151.710   -151.770   -104.687   -101.797   -104.056   -106.836
   -138.000    -76.586    -76.597    -76.242    -76.130      0.011     -0.112   -153.710   -153.770   -104.687   -101.797   -104.056   -106.836
   -140.000    -76.593    -76.594    -76.233    -76.141      0.001     -0.092   -155.710   -155.770   -104.687   -101.797   -104.056   -106.836
